####
#
#	OBJ File Generated by LightWave3D
#	LightWave3D OBJ Export v2.3
#
####
o capsule-with-rings.obj
mtllib capsule-with-rings.mtl
g default
g capsule-with-rings_2
g default
v -381 -200.064 0.000121035
v -381 206.501 0.000121035
v -368.018 -200.064 98.6102
v -368.018 -200.064 -98.6099
v -368.018 206.501 98.6102
v -368.018 206.501 -98.6099
v -363.985 -263.564 0.000114409
v -363.985 -136.564 0.000114409
v -363.985 143.001 0.000114409
v -363.985 270.001 0.000114409
v -351.583 -263.564 94.2064
v -351.583 -263.564 -94.2062
v -351.583 -136.564 94.2064
v -351.583 -136.564 -94.2062
v -351.583 143.001 94.2064
v -351.583 143.001 -94.2062
v -351.583 270.001 94.2064
v -351.583 270.001 -94.2062
v -329.956 -200.064 190.5
v -329.956 -200.064 -190.5
v -329.956 206.501 190.5
v -329.956 206.501 -190.5
v -317.5 -310.05 9.63072e-005
v -317.5 -90.0792 9.63072e-005
v -317.5 96.516 9.63072e-005
v -317.5 316.487 9.63072e-005
v -315.221 -263.564 -181.992
v -315.221 -136.564 -181.992
v -315.221 143.001 -181.992
v -315.221 270.001 -181.992
v -315.22 -263.564 181.993
v -315.22 -136.564 181.993
v -315.22 143.001 181.993
v -315.22 270.001 181.993
v -306.681 -310.05 82.1751
v -306.681 -310.05 -82.1749
v -306.681 -90.0792 82.1751
v -306.681 -90.0792 -82.1749
v -306.681 96.516 82.1751
v -306.681 96.516 -82.1749
v -306.681 316.487 82.1751
v -306.681 316.487 -82.1749
v -274.963 -310.05 158.75
v -274.963 -310.05 -158.75
v -274.963 -90.0792 158.75
v -274.963 -90.0792 -158.75
v -274.963 96.516 158.75
v -274.963 96.516 -158.75
v -274.963 316.487 158.75
v -274.963 316.487 -158.75
v -269.408 -200.064 269.408
v -269.408 -200.064 -269.408
v -269.408 206.501 269.408
v -269.408 206.501 -269.408
v -262.701 -419.876 -0.000129631
v -262.701 426.313 -0.000129631
v -257.377 -263.564 -257.376
v -257.377 -136.564 -257.376
v -257.377 143.001 -257.376
v -257.377 270.001 -257.376
v -257.376 -263.564 257.376
v -257.376 -136.564 257.376
v -257.376 143.001 257.376
v -257.376 270.001 257.376
v -254 -327.064 7.15795e-005
v -254 -73.0645 7.15795e-005
v -254 79.5013 7.15795e-005
v -254 333.501 7.15795e-005
v -253.75 -487.868 -0.000126146
v -253.75 -419.876 67.9919
v -253.75 -419.876 -67.9921
v -253.75 426.313 67.9919
v -253.75 426.313 -67.9921
v -253.75 494.305 -0.000126146
v -245.345 -327.064 65.7401
v -245.345 -327.064 -65.74
v -245.345 -73.0645 65.7401
v -245.345 -73.0645 -65.7399
v -245.345 79.5013 65.7401
v -245.345 79.5013 -65.7399
v -245.345 333.501 65.7401
v -245.345 333.501 -65.74
v -245.103 -487.868 65.6751
v -245.103 -487.868 -65.6754
v -245.103 494.305 65.6751
v -245.103 494.305 -65.6754
v -227.506 -419.876 131.35
v -227.506 -419.876 -131.351
v -227.506 426.313 131.35
v -227.506 426.313 -131.351
v -224.507 -310.05 -224.506
v -224.507 316.487 -224.506
v -224.506 -310.05 224.506
v -224.506 -90.0792 224.506
v -224.506 -90.0792 -224.506
v -224.506 96.516 224.506
v -224.506 96.516 -224.506
v -224.506 316.487 224.506
v -219.971 -327.064 -127
v -219.971 333.501 -127
v -219.97 -327.064 127
v -219.97 -73.0645 127
v -219.97 -73.0644 -127
v -219.97 79.5013 127
v -219.97 79.5013 -127
v -219.97 333.501 127
v -219.754 -487.868 126.875
v -219.754 -487.868 -126.875
v -219.754 494.305 126.875
v -219.754 494.305 -126.875
v -205.019 -546.474 -0.000107169
v -205.019 552.91 -0.000107169
v -198.033 -546.474 53.0627
v -198.033 -546.474 -53.0629
v -198.033 552.91 53.0627
v -198.033 552.91 -53.0629
v -190.5 -200.064 329.956
v -190.5 -200.064 -329.956
v -190.5 206.501 329.956
v -190.5 206.501 -329.956
v -185.758 -419.876 185.758
v -185.758 -419.876 -185.758
v -185.758 426.313 185.758
v -185.758 426.313 -185.758
v -181.993 -263.564 315.22
v -181.993 -263.564 -315.22
v -181.993 -136.564 315.22
v -181.993 -136.564 -315.22
v -181.993 143.001 315.22
v -181.993 143.001 -315.22
v -181.993 270.001 315.22
v -181.993 270.001 -315.22
v -179.605 -327.064 179.605
v -179.605 -327.064 -179.605
v -179.605 -73.0645 179.605
v -179.605 -73.0645 -179.605
v -179.605 79.5013 179.605
v -179.605 79.5013 -179.605
v -179.605 333.501 179.605
v -179.605 333.501 -179.605
v -179.428 -487.868 179.428
v -179.428 -487.868 -179.428
v -179.428 494.305 179.428
v -179.428 494.305 -179.428
v -177.552 -546.474 102.509
v -177.552 -546.474 -102.51
v -177.552 552.91 102.509
v -177.552 552.91 -102.51
v -158.75 -310.05 274.963
v -158.75 -310.05 -274.963
v -158.75 -90.0792 274.963
v -158.75 -90.0792 -274.963
v -158.75 96.516 274.963
v -158.75 96.516 -274.963
v -158.75 316.487 274.963
v -158.75 316.487 -274.963
v -144.97 -546.474 144.97
v -144.97 -546.474 -144.97
v -144.97 552.91 144.97
v -144.97 552.91 -144.97
v -131.351 -585.146 -7.84816e-005
v -131.351 -419.876 227.506
v -131.351 426.313 227.506
v -131.351 591.583 -7.84816e-005
v -131.35 -419.876 -227.506
v -131.35 426.313 -227.506
v -127 -327.064 219.97
v -127 -327.064 -219.97
v -127 -73.0645 219.97
v -127 -73.0645 -219.97
v -127 79.5013 219.97
v -127 79.5013 -219.97
v -127 333.501 219.97
v -127 333.501 -219.97
v -126.875 -585.146 33.9959
v -126.875 -585.146 -33.9961
v -126.875 -487.868 219.754
v -126.875 -487.868 -219.754
v -126.875 494.305 219.754
v -126.875 494.305 -219.754
v -126.875 591.583 33.9959
v -126.875 591.583 -33.9961
v -113.753 -585.146 65.6752
v -113.753 -585.146 -65.6753
v -113.753 591.583 65.6752
v -113.753 591.583 -65.6753
v -102.51 -546.474 177.552
v -102.51 552.91 177.552
v -102.509 -546.474 -177.552
v -102.509 552.91 -177.552
v -98.6102 -200.064 -368.018
v -98.6102 206.501 -368.018
v -98.61 -200.064 368.018
v -98.61 206.501 368.018
v -94.2065 -263.564 -351.583
v -94.2065 270.001 -351.583
v -94.2064 -136.564 -351.583
v -94.2064 143.001 -351.583
v -94.2063 -263.564 351.583
v -94.2063 -136.564 351.583
v -94.2063 143.001 351.583
v -94.2063 270.001 351.583
v -92.8789 -585.146 92.8788
v -92.8789 591.583 92.8788
v -92.8788 -585.146 -92.8789
v -92.8788 591.583 -92.8789
v -82.1752 -310.05 -306.681
v -82.1752 -90.0792 -306.681
v -82.1752 96.516 -306.681
v -82.1752 316.487 -306.681
v -82.175 -310.05 306.681
v -82.175 -90.0792 306.681
v -82.175 96.516 306.681
v -82.175 316.487 306.681
v -67.9921 -419.876 253.75
v -67.9921 426.313 253.75
v -67.992 -419.876 -253.75
v -67.992 426.313 -253.75
v -65.7401 -327.064 -245.345
v -65.7401 -73.0645 -245.345
v -65.7401 79.5013 -245.345
v -65.7401 333.501 -245.345
v -65.74 -327.064 245.345
v -65.74 -73.0645 245.345
v -65.74 79.5013 245.345
v -65.74 333.501 245.345
v -65.6754 -487.868 245.103
v -65.6754 494.305 245.103
v -65.6753 -585.146 113.753
v -65.6753 591.583 113.753
v -65.6752 -585.146 -113.753
v -65.6752 -487.868 -245.103
v -65.6752 494.305 -245.103
v -65.6752 591.583 -113.753
v -53.0629 -546.474 198.033
v -53.0629 552.91 198.033
v -53.0628 -546.474 -198.033
v -53.0628 552.91 -198.033
v -34.2894 -598.913 -4.06847e-005
v -34.2894 605.35 -4.06847e-005
v -33.9961 -585.146 126.875
v -33.9961 591.583 126.875
v -33.996 -585.146 -126.875
v -33.996 591.583 -126.875
v -33.121 -598.913 8.8747
v -33.121 -598.913 -8.87478
v -33.121 605.35 8.8747
v -33.121 605.35 -8.87478
v -29.6955 -598.913 17.1446
v -29.6955 -598.913 -17.1447
v -29.6955 605.35 17.1446
v -29.6955 605.35 -17.1447
v -24.2463 -598.913 24.2462
v -24.2463 605.35 24.2462
v -24.2462 -598.913 -24.2463
v -24.2462 605.35 -24.2463
v -17.1447 -598.913 29.6954
v -17.1447 -598.913 -29.6955
v -17.1447 605.35 29.6954
v -17.1447 605.35 -29.6955
v -8.87475 -598.913 33.121
v -8.87475 605.35 33.121
v -8.87474 -598.913 -33.121
v -8.87474 605.35 -33.121
v -0.000122133 -419.876 262.701
v -0.000122133 426.313 262.701
v -0.000117971 -487.868 253.75
v -0.000117971 494.305 253.75
v -9.53159e-005 -546.474 205.019
v -9.53159e-005 552.91 205.019
v -6.10665e-005 -585.146 131.35
v -6.10665e-005 591.583 131.35
v -1.66541e-005 -200.064 -381
v -1.66541e-005 206.501 -381
v -1.59415e-005 -598.913 34.2893
v -1.59415e-005 605.35 34.2893
v -1.59102e-005 -263.564 -363.985
v -1.59102e-005 -136.564 -363.985
v -1.59102e-005 143.001 -363.985
v -1.59102e-005 270.001 -363.985
v -1.38784e-005 -310.05 -317.5
v -1.38784e-005 -90.0792 -317.5
v -1.38784e-005 96.516 -317.5
v -1.38784e-005 316.487 -317.5
v -1.11028e-005 -327.064 -254
v -1.11028e-005 -73.0645 -254
v -1.11028e-005 79.5013 -254
v -1.11028e-005 333.501 -254
v 2.58881e-006 -598.913 -34.2894
v 2.58881e-006 605.35 -34.2894
v 9.91672e-006 -585.146 -131.351
v 9.91672e-006 591.583 -131.351
v 1.54784e-005 -546.474 -205.019
v 1.54784e-005 552.91 -205.019
v 1.91575e-005 -487.868 -253.75
v 1.91575e-005 494.305 -253.75
v 1.91764e-005 -327.064 254
v 1.91764e-005 -73.0645 254
v 1.91764e-005 79.5013 254
v 1.91764e-005 333.501 254
v 1.98334e-005 -419.876 -262.701
v 1.98334e-005 426.313 -262.701
v 2.39705e-005 -310.05 317.5
v 2.39705e-005 -90.0792 317.5
v 2.39705e-005 96.516 317.5
v 2.39705e-005 316.487 317.5
v 2.74801e-005 -263.564 363.985
v 2.74801e-005 -136.564 363.985
v 2.74801e-005 143.001 363.985
v 2.74801e-005 270.001 363.985
v 2.87646e-005 -200.064 381
v 2.87646e-005 206.501 381
v 8.87472 -598.913 33.121
v 8.87472 605.35 33.121
v 8.87474 -598.913 -33.121
v 8.87474 605.35 -33.121
v 17.1447 -598.913 29.6954
v 17.1447 -598.913 -29.6955
v 17.1447 605.35 29.6954
v 17.1447 605.35 -29.6955
v 24.2462 -598.913 24.2462
v 24.2462 -598.913 -24.2463
v 24.2462 605.35 24.2462
v 24.2462 605.35 -24.2463
v 29.6954 -598.913 17.1447
v 29.6954 605.35 17.1447
v 29.6955 -598.913 -17.1447
v 29.6955 605.35 -17.1447
v 33.121 -598.913 8.87474
v 33.121 -598.913 -8.87477
v 33.121 605.35 8.87474
v 33.121 605.35 -8.87477
v 33.9959 -585.146 126.875
v 33.9959 591.583 126.875
v 33.996 -585.146 -126.875
v 33.996 591.583 -126.875
v 34.2894 -598.913 -2.73317e-005
v 34.2894 605.35 -2.73317e-005
v 53.0627 -546.474 198.033
v 53.0627 552.91 198.033
v 53.0628 -546.474 -198.033
v 53.0628 552.91 -198.033
v 65.6751 -487.868 245.103
v 65.6751 494.305 245.103
v 65.6752 -585.146 113.753
v 65.6752 -585.146 -113.753
v 65.6752 591.583 113.753
v 65.6752 591.583 -113.753
v 65.6753 -487.868 -245.103
v 65.6753 494.305 -245.103
v 65.74 -327.064 245.345
v 65.74 -327.064 -245.345
v 65.74 -73.0645 245.345
v 65.74 -73.0645 -245.345
v 65.74 79.5013 245.345
v 65.74 79.5013 -245.345
v 65.74 333.501 245.345
v 65.74 333.501 -245.345
v 67.9919 -419.876 253.75
v 67.9919 426.313 253.75
v 67.992 -419.876 -253.75
v 67.992 426.313 -253.75
v 82.175 -310.05 306.681
v 82.175 -310.05 -306.681
v 82.175 -90.0792 306.681
v 82.175 -90.0792 -306.681
v 82.175 96.516 306.681
v 82.175 96.516 -306.681
v 82.175 316.487 306.681
v 82.175 316.487 -306.681
v 92.8788 -585.146 92.8789
v 92.8788 -585.146 -92.8789
v 92.8788 591.583 92.8789
v 92.8788 591.583 -92.8789
v 94.2063 -263.564 351.583
v 94.2063 -263.564 -351.583
v 94.2063 -136.564 351.583
v 94.2063 -136.564 -351.583
v 94.2063 143.001 351.583
v 94.2063 143.001 -351.583
v 94.2063 270.001 351.583
v 94.2063 270.001 -351.583
v 98.6101 -200.064 368.018
v 98.6101 -200.064 -368.018
v 98.6101 206.501 368.018
v 98.6101 206.501 -368.018
v 102.509 -546.474 177.552
v 102.509 552.91 177.552
v 102.51 -546.474 -177.552
v 102.51 552.91 -177.552
v 113.753 -585.146 65.6753
v 113.753 -585.146 -65.6753
v 113.753 591.583 65.6753
v 113.753 591.583 -65.6753
v 126.875 -585.146 33.9961
v 126.875 -585.146 -33.996
v 126.875 -487.868 219.754
v 126.875 -487.868 -219.754
v 126.875 494.305 219.754
v 126.875 494.305 -219.754
v 126.875 591.583 33.9961
v 126.875 591.583 -33.996
v 127 -327.064 219.97
v 127 -327.064 -219.971
v 127 -73.0645 219.97
v 127 -73.0645 -219.97
v 127 79.5013 219.97
v 127 79.5013 -219.97
v 127 333.501 219.97
v 127 333.501 -219.971
v 131.35 -419.876 227.506
v 131.35 -419.876 -227.506
v 131.35 426.313 227.506
v 131.35 426.313 -227.506
v 131.351 -585.146 -2.73317e-005
v 131.351 591.583 -2.73317e-005
v 144.97 -546.474 144.97
v 144.97 -546.474 -144.97
v 144.97 552.91 144.97
v 144.97 552.91 -144.97
v 158.75 -310.05 274.963
v 158.75 -310.05 -274.963
v 158.75 -90.0792 274.963
v 158.75 -90.0792 -274.963
v 158.75 96.516 274.963
v 158.75 96.516 -274.963
v 158.75 316.487 274.963
v 158.75 316.487 -274.963
v 177.552 -546.474 102.51
v 177.552 -546.474 -102.51
v 177.552 552.91 102.51
v 177.552 552.91 -102.51
v 179.428 -487.868 179.428
v 179.428 -487.868 -179.428
v 179.428 494.305 179.428
v 179.428 494.305 -179.428
v 179.605 -327.064 179.605
v 179.605 -327.064 -179.605
v 179.605 -73.0645 179.605
v 179.605 -73.0645 -179.605
v 179.605 79.5013 179.605
v 179.605 79.5013 -179.605
v 179.605 333.501 179.605
v 179.605 333.501 -179.605
v 181.993 -263.564 315.22
v 181.993 -263.564 -315.221
v 181.993 -136.564 315.22
v 181.993 -136.564 -315.22
v 181.993 143.001 315.22
v 181.993 143.001 -315.22
v 181.993 270.001 315.22
v 181.993 270.001 -315.221
v 185.758 -419.876 185.758
v 185.758 -419.876 -185.758
v 185.758 426.313 185.758
v 185.758 426.313 -185.758
v 190.5 -200.064 329.956
v 190.5 -200.064 -329.956
v 190.5 206.501 329.956
v 190.5 206.501 -329.956
v 198.033 -546.474 53.063
v 198.033 -546.474 -53.0629
v 198.033 552.91 53.063
v 198.033 552.91 -53.0629
v 205.019 -546.474 -2.73317e-005
v 205.019 552.91 -2.73317e-005
v 219.754 -487.868 126.875
v 219.754 -487.868 -126.875
v 219.754 494.305 126.875
v 219.754 494.305 -126.875
v 219.97 -327.064 127
v 219.97 -327.064 -127
v 219.97 -73.0645 127
v 219.97 -73.0644 -127
v 219.97 79.5013 127
v 219.97 79.5013 -127
v 219.97 333.501 127
v 219.97 333.501 -127
v 224.506 -310.05 224.506
v 224.506 -310.05 -224.506
v 224.506 -90.0792 224.506
v 224.506 -90.0792 -224.506
v 224.506 96.516 224.506
v 224.506 96.516 -224.506
v 224.506 316.487 224.506
v 224.506 316.487 -224.506
v 227.506 -419.876 131.351
v 227.506 -419.876 -131.351
v 227.506 426.313 131.351
v 227.506 426.313 -131.351
v 245.103 -487.868 65.6754
v 245.103 -487.868 -65.6753
v 245.103 494.305 65.6754
v 245.103 494.305 -65.6753
v 245.345 -327.064 65.74
v 245.345 -327.064 -65.7401
v 245.345 -73.0645 65.74
v 245.345 -73.0645 -65.7401
v 245.345 79.5013 65.74
v 245.345 79.5013 -65.7401
v 245.345 333.501 65.74
v 245.345 333.501 -65.7401
v 253.75 -487.868 -2.73317e-005
v 253.75 -419.876 67.9922
v 253.75 -419.876 -67.992
v 253.75 426.313 67.9922
v 253.75 426.313 -67.9921
v 253.75 494.305 -2.73317e-005
v 254 -327.064 -2.73317e-005
v 254 -73.0645 -2.73317e-005
v 254 79.5013 -2.73317e-005
v 254 333.501 -2.73317e-005
v 257.376 -263.564 257.376
v 257.376 -263.564 -257.376
v 257.376 -136.564 257.376
v 257.376 -136.564 -257.376
v 257.376 143.001 257.376
v 257.376 143.001 -257.376
v 257.376 270.001 257.376
v 257.376 270.001 -257.376
v 262.701 -419.876 -2.73317e-005
v 262.701 426.313 -2.73317e-005
v 269.408 -200.064 269.408
v 269.408 -200.064 -269.408
v 269.408 206.501 269.408
v 269.408 206.501 -269.408
v 274.963 -310.05 158.75
v 274.963 -310.05 -158.75
v 274.963 -90.0792 158.75
v 274.963 -90.0792 -158.75
v 274.963 96.516 158.75
v 274.963 96.516 -158.75
v 274.963 316.487 158.75
v 274.963 316.487 -158.75
v 306.681 -310.05 82.175
v 306.681 -310.05 -82.1751
v 306.681 -90.0792 82.175
v 306.681 -90.0792 -82.1751
v 306.681 96.516 82.175
v 306.681 96.516 -82.1751
v 306.681 316.487 82.175
v 306.681 316.487 -82.1751
v 315.22 -263.564 181.993
v 315.22 -263.564 -181.993
v 315.22 -136.564 181.993
v 315.22 -136.564 -181.993
v 315.22 143.001 181.993
v 315.22 143.001 -181.993
v 315.22 270.001 181.993
v 315.22 270.001 -181.993
v 317.5 -310.05 -2.73317e-005
v 317.5 -90.0792 -2.73317e-005
v 317.5 96.516 -2.73317e-005
v 317.5 316.487 -2.73317e-005
v 329.956 -200.064 190.5
v 329.956 -200.064 -190.5
v 329.956 206.501 190.5
v 329.956 206.501 -190.5
v 351.583 -263.564 94.2063
v 351.583 -263.564 -94.2063
v 351.583 -136.564 94.2063
v 351.583 -136.564 -94.2063
v 351.583 143.001 94.2063
v 351.583 143.001 -94.2063
v 351.583 270.001 94.2063
v 351.583 270.001 -94.2063
v 363.985 -263.564 -2.73317e-005
v 363.985 -136.564 -2.73317e-005
v 363.985 143.001 -2.73317e-005
v 363.985 270.001 -2.73317e-005
v 368.018 -200.064 98.61
v 368.018 -200.064 -98.6101
v 368.018 206.501 98.61
v 368.018 206.501 -98.6101
v 381 -200.064 -2.73317e-005
v 381 206.501 -2.73317e-005
vt 0 0
vt 0 0.0416667
vt 0 0.0833333
vt 0 0.125
vt 0 0.166667
vt 0 0.208333
vt 0 0.25
vt 0 0.291667
vt 0 0.333333
vt 0 0.375
vt 0 0.416667
vt 0 0.458333
vt 0 0.5
vt 0 0.541667
vt 0 0.583333
vt 0 0.625
vt 0 0.666667
vt 0 0.708333
vt 0 0.75
vt 0 0.791667
vt 0 0.833333
vt 0 0.875
vt 0 0.916667
vt 0 0.958333
vt 0 1
vt 0.017037 0.370591
vt 0.0170371 0.5
vt 0.0170371 0.62941
vt 0.0334936 0.375
vt 0.0334937 0.625
vt 0.0669872 0.25
vt 0.0669873 0.5
vt 0.0669874 0.75
vt 0.0817417 0.258519
vt 0.0817418 0.387928
vt 0.0817419 0.612072
vt 0.0817419 0.741482
vt 0.0833333 0
vt 0.0833333 0.0416667
vt 0.0833333 0.0833333
vt 0.0833333 0.125
vt 0.0833333 0.166667
vt 0.0833333 0.208333
vt 0.0833333 0.25
vt 0.0833333 0.291667
vt 0.0833333 0.333333
vt 0.0833333 0.375
vt 0.0833333 0.416667
vt 0.0833333 0.458333
vt 0.0833333 0.5
vt 0.0833333 0.541667
vt 0.0833333 0.583333
vt 0.0833333 0.625
vt 0.0833333 0.666667
vt 0.0833333 0.708333
vt 0.0833333 0.75
vt 0.0833333 0.791667
vt 0.0833333 0.833333
vt 0.0833333 0.875
vt 0.0833333 0.916667
vt 0.0833333 0.958333
vt 0.0833333 1
vt 0.125 0.283494
vt 0.125 0.716506
vt 0.146446 0.146447
vt 0.146447 0.853553
vt 0.158493 0.158494
vt 0.158494 0.841506
vt 0.166667 0
vt 0.166667 0.0416667
vt 0.166667 0.0833333
vt 0.166667 0.125
vt 0.166667 0.166667
vt 0.166667 0.208333
vt 0.166667 0.25
vt 0.166667 0.291667
vt 0.166667 0.333333
vt 0.166667 0.375
vt 0.166667 0.416667
vt 0.166667 0.458333
vt 0.166667 0.5
vt 0.166667 0.541667
vt 0.166667 0.583333
vt 0.166667 0.625
vt 0.166667 0.666667
vt 0.166667 0.708333
vt 0.166667 0.75
vt 0.166667 0.791667
vt 0.166667 0.833333
vt 0.166667 0.875
vt 0.166667 0.916667
vt 0.166667 0.958333
vt 0.166667 1
vt 0.193814 0.193814
vt 0.193814 0.806186
vt 0.25 0.0416667
vt 0.25 0.0669874
vt 0.25 0.0833333
vt 0.25 0.125
vt 0.25 0.166667
vt 0.25 0.208333
vt 0.25 0.25
vt 0.25 0.291667
vt 0.25 0.333333
vt 0.25 0.375
vt 0.25 0.416667
vt 0.25 0.458333
vt 0.25 0.5
vt 0.25 0.541667
vt 0.25 0.583333
vt 0.25 0.625
vt 0.25 0.666667
vt 0.25 0.708333
vt 0.25 0.75
vt 0.25 0.791667
vt 0.25 0.833333
vt 0.25 0.875
vt 0.25 0.916667
vt 0.25 0.933013
vt 0.25 0.958333
vt 0.25 1
vt 0.258518 0.0817419
vt 0.258519 0.435295
vt 0.258519 0.564705
vt 0.258519 0.918258
vt 0.283494 0.125
vt 0.283494 0.375
vt 0.283494 0.625
vt 0.283494 0.875
vt 0.323223 0.323223
vt 0.323223 0.676777
vt 0.333333 0.875
vt 0.333333 1
vt 0.37059 0.0170371
vt 0.370591 0.982963
vt 0.375 0.0334937
vt 0.375 0.283494
vt 0.375 0.716506
vt 0.375 0.966506
vt 0.387928 0.0817419
vt 0.387928 0.918258
vt 0.416667 0.875
vt 0.416667 1
vt 0.434737 0.5
vt 0.435295 0.258519
vt 0.435295 0.741481
vt 0.436961 0.483109
vt 0.436961 0.516891
vt 0.44348 0.467368
vt 0.44348 0.532632
vt 0.453852 0.453852
vt 0.453852 0.546148
vt 0.467368 0.44348
vt 0.467368 0.55652
vt 0.483109 0.436961
vt 0.483109 0.563039
vt 0.5 0
vt 0.5 0.0170371
vt 0.5 0.0669873
vt 0.5 0.25
vt 0.5 0.434737
vt 0.5 0.565263
vt 0.5 0.75
vt 0.5 0.875
vt 0.5 0.933013
vt 0.5 0.982963
vt 0.5 1
vt 0.516891 0.436961
vt 0.516891 0.563039
vt 0.532632 0.44348
vt 0.532632 0.55652
vt 0.546148 0.453852
vt 0.546148 0.546148
vt 0.55652 0.467368
vt 0.55652 0.532632
vt 0.563039 0.483109
vt 0.563039 0.516891
vt 0.564705 0.258519
vt 0.564705 0.741481
vt 0.565263 0.5
vt 0.583333 0.875
vt 0.583333 1
vt 0.612072 0.0817418
vt 0.612072 0.918258
vt 0.625 0.0334936
vt 0.625 0.283494
vt 0.625 0.716506
vt 0.625 0.966506
vt 0.629409 0.017037
vt 0.62941 0.982963
vt 0.666667 0.875
vt 0.666667 1
vt 0.676777 0.323223
vt 0.676777 0.676777
vt 0.716506 0.125
vt 0.716506 0.375
vt 0.716506 0.625
vt 0.716506 0.875
vt 0.741481 0.0817417
vt 0.741481 0.435295
vt 0.741481 0.564705
vt 0.741481 0.918258
vt 0.75 0
vt 0.75 0.0416667
vt 0.75 0.0669872
vt 0.75 0.0833333
vt 0.75 0.125
vt 0.75 0.166667
vt 0.75 0.208333
vt 0.75 0.25
vt 0.75 0.291667
vt 0.75 0.333333
vt 0.75 0.375
vt 0.75 0.416667
vt 0.75 0.458333
vt 0.75 0.5
vt 0.75 0.541667
vt 0.75 0.583333
vt 0.75 0.625
vt 0.75 0.666667
vt 0.75 0.708333
vt 0.75 0.75
vt 0.75 0.791667
vt 0.75 0.833333
vt 0.75 0.875
vt 0.75 0.916667
vt 0.75 0.933013
vt 0.75 0.958333
vt 0.75 1
vt 0.806186 0.193814
vt 0.806186 0.806186
vt 0.833333 0
vt 0.833333 0.0416667
vt 0.833333 0.0833333
vt 0.833333 0.125
vt 0.833333 0.166667
vt 0.833333 0.208333
vt 0.833333 0.25
vt 0.833333 0.291667
vt 0.833333 0.333333
vt 0.833333 0.375
vt 0.833333 0.416667
vt 0.833333 0.458333
vt 0.833333 0.5
vt 0.833333 0.541667
vt 0.833333 0.583333
vt 0.833333 0.625
vt 0.833333 0.666667
vt 0.833333 0.708333
vt 0.833333 0.75
vt 0.833333 0.791667
vt 0.833333 0.833333
vt 0.833333 0.875
vt 0.833333 0.916667
vt 0.833333 0.958333
vt 0.833333 1
vt 0.841506 0.158493
vt 0.841506 0.841506
vt 0.853553 0.146446
vt 0.853553 0.853553
vt 0.875 0.283493
vt 0.875 0.716506
vt 0.916667 0
vt 0.916667 0.0416667
vt 0.916667 0.0833333
vt 0.916667 0.125
vt 0.916667 0.166667
vt 0.916667 0.208333
vt 0.916667 0.25
vt 0.916667 0.291667
vt 0.916667 0.333333
vt 0.916667 0.375
vt 0.916667 0.416667
vt 0.916667 0.458333
vt 0.916667 0.5
vt 0.916667 0.541667
vt 0.916667 0.583333
vt 0.916667 0.625
vt 0.916667 0.666667
vt 0.916667 0.708333
vt 0.916667 0.75
vt 0.916667 0.791667
vt 0.916667 0.833333
vt 0.916667 0.875
vt 0.916667 0.916667
vt 0.916667 0.958333
vt 0.916667 1
vt 0.918258 0.258518
vt 0.918258 0.387928
vt 0.918258 0.612072
vt 0.918258 0.741481
vt 0.933012 0.25
vt 0.933013 0.5
vt 0.933013 0.75
vt 0.966506 0.375
vt 0.966506 0.625
vt 0.982963 0.37059
vt 0.982963 0.5
vt 0.982963 0.629409
vt 1 0.0416667
vt 1 0.0833333
vt 1 0.125
vt 1 0.166667
vt 1 0.208333
vt 1 0.25
vt 1 0.291667
vt 1 0.333333
vt 1 0.375
vt 1 0.416667
vt 1 0.458333
vt 1 0.5
vt 1 0.541667
vt 1 0.583333
vt 1 0.625
vt 1 0.666667
vt 1 0.708333
vt 1 0.75
vt 1 0.791667
vt 1 0.833333
vt 1 0.875
vt 1 0.916667
vt 1 0.958333
vt 1 1
vn -1 -3.11021e-008 -1.55511e-008
vn -1 4.14695e-008 -1.81429e-008
vn -0.998253 -0.0560522 -0.0186856
vn -0.996575 0.0784548 -0.0261536
vn -0.969385 -0.0784578 0.232673
vn -0.969074 0.0560544 0.24032
vn -0.965926 -5.65022e-007 -0.258817
vn -0.965926 5.85757e-007 -0.258817
vn -0.965926 -7.51635e-007 0.258818
vn -0.965926 7.309e-007 0.258818
vn -0.959404 0.0560551 -0.27641
vn -0.95585 -0.0784587 -0.283189
vn -0.916005 -0.401136 0.00501404
vn -0.916003 0.401139 0.00501418
vn -0.886091 -0.401136 -0.232233
vn -0.88609 0.401139 -0.232233
vn -0.883494 -0.401136 0.241924
vn -0.883493 0.40114 0.241924
vn -0.876137 0.0784543 0.475635
vn -0.873856 -0.056052 0.482942
vn -0.866026 -5.80573e-007 -0.499999
vn -0.866026 5.9094e-007 -0.499999
vn -0.866025 -2.39487e-006 0.500001
vn -0.866025 2.38968e-006 0.500001
vn -0.865764 -0.500419 0.0058077
vn -0.865764 0.500419 0.0058077
vn -0.865761 -0.500424 -0.00580787
vn -0.865761 0.500425 -0.00580791
vn -0.85517 -0.056054 -0.515308
vn -0.849982 0.0784572 -0.520936
vn -0.837767 -0.500421 -0.218462
vn -0.837767 0.500421 -0.218462
vn -0.837764 -0.500425 0.218464
vn -0.837763 0.500426 0.218463
vn -0.834759 -0.500421 0.229687
vn -0.834759 0.500421 0.229687
vn -0.834758 -0.500425 -0.229685
vn -0.834757 0.500425 -0.229685
vn -0.79579 -0.401136 -0.453661
vn -0.795789 0.40114 -0.45366
vn -0.790778 -0.401135 0.462343
vn -0.790776 0.401139 0.462342
vn -0.752679 -0.500419 -0.42785
vn -0.752679 0.500419 -0.42785
vn -0.752673 -0.500424 0.427853
vn -0.752673 0.500425 0.427853
vn -0.746867 -0.500425 -0.43791
vn -0.746866 -0.500423 0.437913
vn -0.746866 0.500423 0.437913
vn -0.746866 0.500426 -0.437909
vn -0.723178 -0.0784573 0.686191
vn -0.719085 0.0560541 0.692658
vn -0.707107 -4.82083e-007 -0.707107
vn -0.707107 4.92451e-007 -0.707107
vn -0.707107 0 0.707107
vn -0.692658 0.0560541 -0.719085
vn -0.686191 -0.0784573 -0.723178
vn -0.651259 -0.401139 -0.644165
vn -0.651258 0.401143 -0.644164
vn -0.644165 -0.401139 0.651259
vn -0.644164 0.401143 0.651258
vn -0.628743 0.777584 0.00675995
vn -0.628742 -0.777585 0.0067603
vn -0.616295 -0.50042 -0.60808
vn -0.616295 0.50042 -0.60808
vn -0.616292 -0.500427 0.608076
vn -0.616292 0.500428 0.608075
vn -0.609069 0.777584 -0.156201
vn -0.609068 -0.777585 -0.156201
vn -0.608078 -0.500423 0.616294
vn -0.608078 0.500423 0.616294
vn -0.608076 -0.500427 -0.616292
vn -0.608075 0.500428 -0.616292
vn -0.60557 0.777583 0.169258
vn -0.605569 -0.777584 0.169259
vn -0.547886 0.777584 -0.308518
vn -0.547885 -0.777585 -0.308517
vn -0.541125 0.777585 0.320226
vn -0.541124 -0.777586 0.320225
vn -0.520936 0.0784572 0.849982
vn -0.515308 -0.056054 0.85517
vn -0.500001 -2.47781e-006 0.866025
vn -0.500001 2.47262e-006 0.866025
vn -0.5 -9.95268e-007 -0.866025
vn -0.5 1.00045e-006 -0.866025
vn -0.499539 -0.866232 0.0101413
vn -0.499539 0.866232 0.0101413
vn -0.499539 -0.866232 -0.0101409
vn -0.499538 0.866233 -0.0101409
vn -0.485143 -0.866232 -0.119492
vn -0.485143 0.866232 -0.119492
vn -0.485142 -0.866233 0.119493
vn -0.485141 0.866233 0.119493
vn -0.482943 -0.056052 -0.873856
vn -0.479892 -0.866233 0.139088
vn -0.479892 0.866233 0.139088
vn -0.479891 -0.866233 -0.139086
vn -0.47989 0.866234 -0.139086
vn -0.475636 0.0784543 -0.876137
vn -0.462343 -0.401135 -0.790778
vn -0.462343 0.401139 -0.790776
vn -0.453661 -0.401136 0.79579
vn -0.45366 0.40114 0.795789
vn -0.449366 0.777584 -0.439811
vn -0.449365 -0.777585 -0.43981
vn -0.439811 0.777584 0.449366
vn -0.43981 -0.777585 0.449365
vn -0.437912 -0.500421 -0.746868
vn -0.437912 0.500421 -0.746868
vn -0.437912 -0.500427 0.746864
vn -0.437912 0.500428 0.746863
vn -0.437684 -0.866233 -0.240985
vn -0.437684 0.866233 -0.240985
vn -0.437683 -0.866232 0.240987
vn -0.437683 0.866233 0.240987
vn -0.427855 -0.500419 0.752676
vn -0.427855 0.500419 0.752676
vn -0.427851 -0.500425 -0.752674
vn -0.427851 0.500426 -0.752674
vn -0.427542 -0.866232 0.258554
vn -0.427542 0.866232 0.258554
vn -0.427541 -0.866233 -0.258552
vn -0.427541 0.866233 -0.258551
vn -0.360399 -0.866232 -0.346055
vn -0.360399 0.866232 -0.346055
vn -0.360399 -0.866231 0.346057
vn -0.360398 0.866232 0.346057
vn -0.346057 -0.866231 0.360399
vn -0.346057 0.866231 0.360399
vn -0.346055 -0.866233 -0.360398
vn -0.346055 0.866233 -0.360398
vn -0.320226 0.777585 -0.541125
vn -0.320226 -0.777586 -0.541124
vn -0.308518 0.777584 0.547886
vn -0.308517 -0.777585 0.547885
vn -0.306965 0.951693 0.00721168
vn -0.30696 -0.951695 0.00721147
vn -0.298372 0.951693 -0.0724839
vn -0.298367 -0.951695 -0.0724829
vn -0.294639 0.951694 0.0864147
vn -0.294634 -0.951695 0.0864132
vn -0.283189 -0.0784587 0.95585
vn -0.27641 0.0560551 0.959404
vn -0.269444 0.951694 -0.147236
vn -0.26944 -0.951696 -0.147234
vn -0.262233 0.951694 0.159728
vn -0.262229 -0.951695 0.159726
vn -0.258818 -8.7086e-007 -0.965926
vn -0.258818 8.76043e-007 -0.965926
vn -0.258818 -7.51635e-007 0.965926
vn -0.258818 7.56818e-007 0.965926
vn -0.258802 -0.965864 -0.0113578
vn -0.258802 0.965864 -0.0113578
vn -0.258792 -0.965866 0.0113574
vn -0.258792 0.965866 0.0113574
vn -0.258554 -0.866232 0.427543
vn -0.258553 0.866232 0.427542
vn -0.258553 -0.866232 -0.427543
vn -0.258553 0.866232 -0.427543
vn -0.252923 -0.965864 0.0560136
vn -0.252923 0.965864 0.0560136
vn -0.252914 -0.965866 -0.0560103
vn -0.252914 0.965866 -0.0560103
vn -0.247044 0.965864 -0.0779528
vn -0.247044 -0.965864 -0.077953
vn -0.247034 -0.965866 0.0779502
vn -0.247034 0.965866 0.0779502
vn -0.241925 -0.401136 -0.883494
vn -0.241924 0.40114 -0.883493
vn -0.240987 -0.866232 -0.437683
vn -0.240987 0.866233 -0.437683
vn -0.240987 0.866232 0.437684
vn -0.240987 -0.866232 0.437684
vn -0.24032 0.0560544 -0.969074
vn -0.232673 -0.0784577 -0.969385
vn -0.232233 -0.401136 0.886091
vn -0.232233 0.401139 0.88609
vn -0.229807 -0.965864 0.119565
vn -0.229807 0.965864 0.119565
vn -0.2298 -0.965866 -0.119561
vn -0.2298 0.965866 -0.119561
vn -0.229687 -0.500421 -0.834759
vn -0.229687 0.500421 -0.834759
vn -0.229687 -0.500426 0.834756
vn -0.229687 0.500427 0.834756
vn -0.222155 0.951694 -0.211959
vn -0.222151 -0.951695 -0.211956
vn -0.218464 0.500421 0.837766
vn -0.218464 -0.50042 0.837766
vn -0.218464 -0.500425 -0.837764
vn -0.218463 0.500426 -0.837763
vn -0.21845 0.965864 -0.139237
vn -0.218449 -0.965864 -0.139237
vn -0.218441 -0.965867 0.139232
vn -0.218441 0.965867 0.139232
vn -0.211959 0.951694 0.222155
vn -0.211956 -0.951695 0.222151
vn -0.191031 -0.965864 0.17497
vn -0.191031 0.965864 0.17497
vn -0.191023 -0.965866 -0.174963
vn -0.191023 0.965866 -0.174963
vn -0.17497 -0.965864 -0.191031
vn -0.17497 0.965864 -0.191031
vn -0.174964 -0.965866 0.191024
vn -0.174964 0.965866 0.191024
vn -0.169259 -0.777584 -0.605569
vn -0.169259 0.777583 -0.60557
vn -0.159728 0.951694 -0.262233
vn -0.159726 -0.951695 -0.262229
vn -0.156201 0.777584 0.609069
vn -0.156201 -0.777585 0.609068
vn -0.147236 0.951694 0.269445
vn -0.147234 -0.951696 0.26944
vn -0.139237 -0.965864 0.218449
vn -0.139237 0.965864 0.218449
vn -0.139231 0.965867 -0.218441
vn -0.139231 -0.965867 -0.218441
vn -0.139088 -0.866232 -0.479892
vn -0.139088 0.866233 -0.479892
vn -0.139087 -0.866233 0.479892
vn -0.139087 0.866233 0.479891
vn -0.119565 0.965864 -0.229807
vn -0.119565 -0.965864 -0.229807
vn -0.11956 -0.965867 0.229798
vn -0.11956 0.965867 0.229798
vn -0.119493 -0.866233 -0.485142
vn -0.119493 0.866233 -0.485141
vn -0.119493 -0.866233 0.485142
vn -0.119493 0.866233 0.485142
vn -0.105515 -0.994407 0.00463081
vn -0.105515 0.994407 0.00463078
vn -0.0936941 -0.994407 -0.0487478
vn -0.0936937 0.994407 -0.0487475
vn -0.0890639 -0.994407 0.0567677
vn -0.0890635 0.994407 0.0567674
vn -0.0864149 0.951694 -0.294639
vn -0.0864134 -0.951695 -0.294634
vn -0.0779531 0.965864 0.247044
vn -0.0779531 -0.965864 0.247044
vn -0.0779502 0.965866 -0.247034
vn -0.0779502 -0.965866 -0.247034
vn -0.0724811 0.951694 0.298371
vn -0.07248 -0.951695 0.298366
vn -0.0567678 -0.994407 -0.0890638
vn -0.0567676 0.994407 -0.0890634
vn -0.0560136 -0.965864 -0.252923
vn -0.0560136 0.965864 -0.252923
vn -0.0560115 -0.965866 0.252913
vn -0.0560115 0.965866 0.252913
vn -0.0458433 -0.998897 -0.0101527
vn -0.0458431 0.998897 -0.0101526
vn -0.0447778 -0.998897 0.0141294
vn -0.0447776 0.998897 0.0141293
vn -0.0407851 -0.998175 0.0445289
vn -0.0407849 0.998175 0.0445287
vn -0.0346253 -0.998897 -0.0317141
vn -0.0346251 0.998897 -0.031714
vn -0.0325175 -0.997515 0.0624993
vn -0.0325174 0.997515 0.0624991
vn -0.0261536 0.0784548 0.996575
vn -0.0254383 -0.99642 -0.0806176
vn -0.0254383 0.996421 -0.0806173
vn -0.0186855 -0.0560523 0.998253
vn -0.0182779 -0.99642 0.0825363
vn -0.0182779 0.996421 0.0825359
vn -0.0113578 0.965864 0.258802
vn -0.0113578 -0.965864 0.258802
vn -0.0113573 -0.965866 -0.258792
vn -0.0113573 0.965866 -0.258792
vn -0.0101413 -0.866232 -0.499539
vn -0.0101413 0.866232 -0.499539
vn -0.0101409 -0.866232 0.499539
vn -0.0101409 0.866233 0.499538
vn -0.00721165 0.951693 -0.306965
vn -0.00721144 -0.951695 -0.30696
vn -0.00676028 -0.777585 -0.628742
vn -0.00675993 0.777584 -0.628743
vn -0.00580789 0.500425 0.865761
vn -0.00580785 -0.500424 0.865761
vn -0.00580761 -0.500419 -0.865764
vn -0.0058076 0.500419 -0.865764
vn -0.00501418 0.401139 -0.916003
vn -0.00501404 -0.401136 -0.916005
vn -0.00370649 -0.996421 -0.0844543
vn -0.00370648 0.996421 -0.084454
vn -1.03674e-008 -3.11021e-008 1
vn -5.18369e-009 2.59184e-008 1
vn 4.40613e-008 -1.03674e-008 -1
vn 4.40613e-008 1.03674e-008 -1
vn 0.00370567 0.99642 0.0844546
vn 0.00370569 -0.99642 0.0844549
vn 0.00501406 -0.401136 0.916005
vn 0.0050142 0.401139 0.916003
vn 0.00580772 -0.500419 0.865764
vn 0.00580772 0.500419 0.865764
vn 0.00580792 -0.500424 -0.865761
vn 0.00580796 0.500425 -0.865761
vn 0.00676227 0.777585 0.628741
vn 0.00676263 -0.777586 0.62874
vn 0.00721178 -0.951695 0.30696
vn 0.00721199 0.951694 0.306964
vn 0.0101409 0.866233 -0.499538
vn 0.010141 -0.866232 -0.499539
vn 0.0101414 -0.866232 0.499539
vn 0.0101414 0.866232 0.499539
vn 0.0113574 -0.965866 0.258792
vn 0.0113574 0.965866 0.258792
vn 0.0113578 -0.965864 -0.258802
vn 0.0113578 0.965864 -0.258802
vn 0.0182787 0.996421 -0.0825356
vn 0.0182788 -0.99642 -0.0825359
vn 0.0186856 -0.0560523 -0.998253
vn 0.0254382 0.996421 0.0806172
vn 0.0254383 -0.99642 0.0806176
vn 0.0261536 0.0784548 -0.996575
vn 0.0325173 0.997515 -0.0624991
vn 0.0325175 -0.997515 -0.0624994
vn 0.0346251 0.998897 0.0317139
vn 0.0346253 -0.998897 0.0317141
vn 0.0560103 -0.965866 -0.252914
vn 0.0560103 0.965866 -0.252914
vn 0.0560136 0.965864 0.252923
vn 0.0560136 -0.965864 0.252923
vn 0.0567678 0.994407 0.0890632
vn 0.056768 -0.994407 0.0890636
vn 0.0570975 0.996421 -0.0623389
vn 0.0570978 -0.99642 -0.0623392
vn 0.0589552 0.998175 0.0130567
vn 0.0589555 -0.998175 0.0130567
vn 0.0594103 0.997515 -0.0378673
vn 0.0594105 -0.997515 -0.0378674
vn 0.0703843 0.997515 -0.00308901
vn 0.0703846 -0.997515 -0.00308902
vn 0.0724829 -0.951695 -0.298367
vn 0.0724839 0.951693 -0.298372
vn 0.0779501 -0.965866 0.247034
vn 0.0779501 0.965866 0.247034
vn 0.0779531 -0.965864 -0.247044
vn 0.0779531 0.965864 -0.247044
vn 0.0806172 0.996421 -0.0254383
vn 0.0806176 -0.99642 -0.0254383
vn 0.0864101 -0.951695 0.294635
vn 0.0864116 0.951694 0.294639
vn 0.0936936 0.994407 0.0487477
vn 0.093694 -0.994407 0.0487479
vn 0.119492 -0.866232 -0.485143
vn 0.119492 0.866232 -0.485142
vn 0.119493 0.866233 0.485141
vn 0.119493 -0.866233 0.485142
vn 0.119561 -0.965866 -0.2298
vn 0.119561 0.965866 -0.2298
vn 0.119564 -0.965864 0.229807
vn 0.119564 0.965864 0.229807
vn 0.139087 0.866233 -0.479891
vn 0.139087 -0.866233 -0.479892
vn 0.139088 0.866233 0.479892
vn 0.139088 -0.866232 0.479892
vn 0.139232 -0.965867 0.218441
vn 0.139232 0.965867 0.218441
vn 0.139237 -0.965864 -0.218449
vn 0.139237 0.965864 -0.218449
vn 0.147234 -0.951696 -0.26944
vn 0.147236 0.951694 -0.269445
vn 0.1562 -0.777585 -0.609068
vn 0.156201 0.777584 -0.609069
vn 0.159726 -0.951695 0.262229
vn 0.159729 0.951694 0.262233
vn 0.169256 0.777584 0.60557
vn 0.169256 -0.777585 0.605569
vn 0.174965 0.965866 -0.191024
vn 0.174965 -0.965866 -0.191024
vn 0.17497 -0.965864 0.191031
vn 0.17497 0.965864 0.191031
vn 0.191024 -0.965866 0.174964
vn 0.191024 0.965866 0.174964
vn 0.191031 -0.965864 -0.17497
vn 0.191031 0.965864 -0.174971
vn 0.211955 -0.951695 -0.222152
vn 0.211959 0.951694 -0.222155
vn 0.218441 -0.965867 -0.139232
vn 0.218441 0.965867 -0.139232
vn 0.218449 -0.965864 0.139237
vn 0.218449 0.965864 0.139237
vn 0.218461 0.500422 -0.837766
vn 0.218461 -0.500422 -0.837766
vn 0.218463 0.500426 0.837763
vn 0.218463 -0.500425 0.837764
vn 0.222151 -0.951695 0.211956
vn 0.222155 0.951694 0.211959
vn 0.229687 0.500427 -0.834756
vn 0.229687 -0.500426 -0.834756
vn 0.229687 0.500421 0.834759
vn 0.229687 -0.500421 0.834759
vn 0.229798 -0.965867 0.11956
vn 0.229798 0.965867 0.11956
vn 0.229807 -0.965864 -0.119565
vn 0.229808 0.965864 -0.119565
vn 0.232232 0.401139 -0.88609
vn 0.232233 -0.401136 -0.886092
vn 0.232673 -0.0784577 0.969385
vn 0.24032 0.0560544 0.969074
vn 0.240985 -0.866233 -0.437683
vn 0.240985 0.866233 -0.437683
vn 0.240987 0.866233 0.437683
vn 0.240987 -0.866232 0.437684
vn 0.241924 0.40114 0.883493
vn 0.241924 -0.401136 0.883494
vn 0.247034 -0.965866 -0.0779502
vn 0.247034 0.965866 -0.0779502
vn 0.247044 -0.965864 0.0779531
vn 0.247044 0.965864 0.0779531
vn 0.252913 -0.965866 0.0560115
vn 0.252913 0.965866 0.0560115
vn 0.252923 -0.965864 -0.0560136
vn 0.252923 0.965864 -0.0560132
vn 0.258553 0.866232 -0.427542
vn 0.258554 -0.866232 -0.427543
vn 0.258554 -0.866232 0.427542
vn 0.258554 0.866232 0.427542
vn 0.258792 -0.965866 -0.0113574
vn 0.258792 0.965866 -0.0113574
vn 0.258802 -0.965864 0.0113578
vn 0.258802 0.965864 0.0113578
vn 0.258817 -1.48253e-006 -0.965927
vn 0.258817 1.4929e-006 -0.965927
vn 0.258818 7.62002e-007 0.965926
vn 0.258818 -7.77553e-007 0.965926
vn 0.262228 -0.951695 -0.159726
vn 0.262232 0.951694 -0.159729
vn 0.26944 -0.951696 0.147234
vn 0.269444 0.951694 0.147236
vn 0.276412 0.0560543 -0.959403
vn 0.283191 -0.0784576 -0.955849
vn 0.294634 -0.951695 -0.0864126
vn 0.294638 0.951694 -0.0864141
vn 0.298367 -0.951695 0.072483
vn 0.298372 0.951693 0.0724841
vn 0.30696 -0.951695 -0.00721151
vn 0.306965 0.951693 -0.00721172
vn 0.308517 -0.777585 -0.547886
vn 0.308518 0.777584 -0.547886
vn 0.320225 -0.777586 0.541124
vn 0.320226 0.777585 0.541125
vn 0.346057 0.866232 0.360398
vn 0.346057 0.866232 -0.360398
vn 0.346057 -0.866232 -0.360398
vn 0.346057 -0.866231 0.360399
vn 0.360398 0.866232 -0.346057
vn 0.360399 -0.866231 -0.346057
vn 0.360399 -0.866231 0.346057
vn 0.360399 0.866231 0.346057
vn 0.427542 0.866232 0.258553
vn 0.427542 -0.866232 -0.258554
vn 0.427542 0.866232 -0.258554
vn 0.427543 -0.866232 0.258554
vn 0.427853 0.500425 0.752673
vn 0.427853 -0.500424 0.752674
vn 0.427854 -0.500419 -0.752676
vn 0.427854 0.500419 -0.752676
vn 0.437683 0.866233 -0.240987
vn 0.437684 -0.866232 -0.240987
vn 0.437684 -0.866232 0.240987
vn 0.437684 0.866232 0.240987
vn 0.437912 0.500428 -0.746863
vn 0.437912 -0.500427 -0.746864
vn 0.437913 -0.500423 0.746866
vn 0.437913 0.500423 0.746866
vn 0.439808 -0.777585 -0.449367
vn 0.439809 0.777584 -0.449367
vn 0.449365 -0.777585 0.43981
vn 0.449366 0.777584 0.439811
vn 0.453661 0.401138 -0.795789
vn 0.453662 -0.401134 -0.79579
vn 0.462342 0.401139 0.790776
vn 0.462343 -0.401135 0.790778
vn 0.475635 0.0784543 0.876137
vn 0.479891 0.866233 0.139087
vn 0.479892 -0.866233 0.139087
vn 0.479892 -0.866232 -0.139088
vn 0.479892 0.866232 -0.139088
vn 0.482942 -0.056052 0.873856
vn 0.485141 0.866233 -0.119493
vn 0.485142 -0.866233 -0.119493
vn 0.485142 0.866233 0.119493
vn 0.485142 -0.866233 0.119493
vn 0.499538 0.866233 0.0101409
vn 0.499539 -0.866232 0.0101409
vn 0.499539 -0.866232 -0.0101413
vn 0.499539 0.866232 -0.0101413
vn 0.500001 -2.40005e-006 0.866025
vn 0.500001 2.38968e-006 0.866025
vn 0.500002 -1.93352e-006 -0.866024
vn 0.500002 1.92315e-006 -0.866024
vn 0.515307 -0.0560519 -0.855171
vn 0.520935 0.0784543 -0.849983
vn 0.541124 -0.777586 -0.320227
vn 0.541125 0.777585 -0.320227
vn 0.547885 -0.777585 0.308517
vn 0.547886 0.777584 0.308518
vn 0.60557 -0.777584 -0.169258
vn 0.605571 0.777583 -0.169258
vn 0.608075 0.500428 0.616292
vn 0.608076 -0.500427 0.616292
vn 0.60808 0.500421 -0.616293
vn 0.60808 -0.500421 -0.616293
vn 0.609068 -0.777585 0.156201
vn 0.609068 0.777584 0.156201
vn 0.616292 0.500428 -0.608075
vn 0.616292 -0.500427 -0.608076
vn 0.616294 -0.500423 0.608078
vn 0.616294 0.500423 0.608078
vn 0.628742 -0.777585 -0.00676041
vn 0.628743 0.777584 -0.00676005
vn 0.644163 0.401141 -0.651261
vn 0.644164 -0.401137 -0.651262
vn 0.651258 0.401143 0.644164
vn 0.651259 -0.401139 0.644165
vn 0.686191 -0.0784573 0.723178
vn 0.692658 0.0560541 0.719085
vn 0.707107 0 -0.707107
vn 0.707107 0 0.707107
vn 0.71908 0.0560553 -0.692663
vn 0.723173 -0.078459 -0.686196
vn 0.746863 0.500428 0.437912
vn 0.746864 -0.500427 0.437912
vn 0.746866 -0.500423 -0.437913
vn 0.746866 0.500423 -0.437913
vn 0.752673 0.500425 -0.427853
vn 0.752674 -0.500424 -0.427853
vn 0.752676 -0.500419 0.427855
vn 0.752676 0.500419 0.427855
vn 0.790775 0.40114 -0.462343
vn 0.790777 -0.401136 -0.462344
vn 0.795789 0.40114 0.45366
vn 0.79579 -0.401137 0.453661
vn 0.834756 0.500427 0.229687
vn 0.834756 -0.500426 0.229687
vn 0.834759 -0.500421 -0.229687
vn 0.834759 0.500421 -0.229687
vn 0.837763 0.500426 -0.218463
vn 0.837764 -0.500425 -0.218463
vn 0.837766 -0.50042 0.218464
vn 0.837766 0.500421 0.218464
vn 0.849982 0.0784572 0.520936
vn 0.85517 -0.056054 0.515308
vn 0.865761 0.500425 0.0058079
vn 0.865761 -0.500424 0.00580787
vn 0.865764 -0.500419 -0.00580772
vn 0.865764 0.500419 -0.00580772
vn 0.866025 2.39487e-006 -0.500001
vn 0.866025 -2.47781e-006 0.500001
vn 0.866025 -2.39487e-006 -0.500001
vn 0.866025 2.46744e-006 0.500001
vn 0.873855 -0.056054 -0.482944
vn 0.876136 0.0784573 -0.475637
vn 0.883493 0.401141 -0.241923
vn 0.883494 -0.401137 -0.241924
vn 0.88609 0.401139 0.232232
vn 0.886091 -0.401136 0.232233
vn 0.916003 0.401139 -0.00501431
vn 0.916005 -0.401135 -0.0050142
vn 0.95585 -0.0784589 0.283189
vn 0.959404 0.0560552 0.27641
vn 0.965926 -7.77553e-007 -0.258818
vn 0.965926 7.67186e-007 -0.258818
vn 0.965926 -7.51635e-007 0.258818
vn 0.965926 7.51635e-007 0.258818
vn 0.969074 0.0560544 -0.240318
vn 0.969386 -0.0784576 -0.232671
vn 0.996575 0.0784548 0.0261534
vn 0.998253 -0.0560523 0.0186853
vn 1 -3.11021e-008 1.03674e-008
vn 1 2.59184e-008 5.18369e-009
g Capsule01
usemtl first
s off
f 338/180/332 416/216/439 402/201/435
f 402/201/435 332/177/340 338/180/332
f 332/177/340 402/201/435 394/197/429
f 394/197/429 328/175/330 332/177/340
f 328/175/330 394/197/429 374/194/379
f 374/194/379 324/173/326 328/175/330
f 324/173/326 374/194/379 348/187/363
f 348/187/363 320/171/316 324/173/326
f 320/171/316 348/187/363 336/179/335
f 336/179/335 316/169/310 320/171/316
f 316/169/310 336/179/335 292/163/274
f 292/163/274 290/162/285 316/169/310
f 290/162/285 292/163/274 244/146/236
f 244/146/236 264/156/262 290/162/285
f 264/156/262 244/146/236 234/138/208
f 234/138/208 260/154/245 264/156/262
f 260/154/245 234/138/208 206/131/186
f 206/131/186 256/152/257 260/154/245
f 256/152/257 206/131/186 186/128/144
f 186/128/144 252/150/233 256/152/257
f 252/150/233 186/128/144 182/124/138
f 182/124/138 248/148/251 252/150/233
f 248/148/251 182/124/138 164/108/136
f 164/108/136 240/144/231 248/148/251
f 240/144/231 164/108/136 181/123/140
f 181/123/140 247/147/253 240/144/231
f 247/147/253 181/123/140 185/127/146
f 185/127/146 251/149/235 247/147/253
f 251/149/235 185/127/146 204/130/196
f 204/130/196 254/151/255 251/149/235
f 254/151/255 204/130/196 230/137/212
f 230/137/212 259/153/259 254/151/255
f 259/153/259 230/137/212 242/145/242
f 242/145/242 262/155/265 259/153/259
f 262/155/265 242/145/242 272/160/301
f 272/160/301 276/161/290 262/155/265
f 276/161/290 272/160/301 334/178/343
f 334/178/343 314/168/313 276/161/290
f 314/168/313 334/178/343 347/186/367
f 347/186/367 319/170/324 314/168/313
f 319/170/324 347/186/367 373/193/389
f 373/193/389 323/172/318 319/170/324
f 323/172/318 373/193/389 393/196/431
f 393/196/431 326/174/344 323/172/318
f 326/174/344 393/196/431 401/200/437
f 401/200/437 331/176/328 326/174/344
f 331/176/328 401/200/437 416/216/439
f 416/216/439 338/180/332 331/176/328
f 416/216/439 466/293/513 464/290/501
f 464/290/501 402/201/435 416/216/439
f 402/201/435 464/290/501 432/262/497
f 432/262/497 394/197/429 402/201/435
f 394/197/429 432/262/497 420/231/469
f 420/231/469 374/194/379 394/197/429
f 374/194/379 420/231/469 390/198/441
f 390/198/441 348/187/363 374/194/379
f 348/187/363 390/198/441 342/184/365
f 342/184/365 336/179/335 348/187/363
f 336/179/335 342/184/365 294/165/277
f 294/165/277 292/163/274 336/179/335
f 292/163/274 294/165/277 238/141/207
f 238/141/207 244/146/236 292/163/274
f 244/146/236 238/141/207 190/129/132
f 190/129/132 234/138/208 244/146/236
f 234/138/208 190/129/132 160/95/104
f 160/95/104 206/131/186 234/138/208
f 206/131/186 160/95/104 148/64/76
f 148/64/76 186/128/144 206/131/186
f 186/128/144 148/64/76 116/36/68
f 116/36/68 182/124/138 186/128/144
f 182/124/138 116/36/68 112/32/62
f 112/32/62 164/108/136 182/124/138
f 164/108/136 112/32/62 115/35/74
f 115/35/74 181/123/140 164/108/136
f 181/123/140 115/35/74 147/63/78
f 147/63/78 185/127/146 181/123/140
f 185/127/146 147/63/78 159/94/106
f 159/94/106 204/130/196 185/127/146
f 204/130/196 159/94/106 188/126/134
f 188/126/134 230/137/212 204/130/196
f 230/137/212 188/126/134 236/140/210
f 236/140/210 242/145/242 230/137/212
f 242/145/242 236/140/210 270/159/298
f 270/159/298 272/160/301 242/145/242
f 272/160/301 270/159/298 340/183/368
f 340/183/368 334/178/343 272/160/301
f 334/178/343 340/183/368 388/195/443
f 388/195/443 347/186/367 334/178/343
f 347/186/367 388/195/443 419/230/471
f 419/230/471 373/193/389 347/186/367
f 373/193/389 419/230/471 431/261/499
f 431/261/499 393/196/431 373/193/389
f 393/196/431 431/261/499 463/289/507
f 463/289/507 401/200/437 393/196/431
f 401/200/437 463/289/507 466/293/513
f 466/293/513 416/216/439 401/200/437
f 466/293/513 508/298/560 494/296/556
f 494/296/556 464/290/501 466/293/513
f 464/290/501 494/296/556 470/291/532
f 470/291/532 432/262/497 464/290/501
f 432/262/497 470/291/532 436/258/514
f 436/258/514 420/231/469 432/262/497
f 420/231/469 436/258/514 400/202/472
f 400/202/472 390/198/441 420/231/469
f 390/198/441 400/202/472 350/188/398
f 350/188/398 342/184/365 390/198/441
f 342/184/365 350/188/398 296/166/282
f 296/166/282 294/165/277 342/184/365
f 294/165/277 296/166/282 233/139/169
f 233/139/169 238/141/207 294/165/277
f 238/141/207 233/139/169 180/125/101
f 180/125/101 190/129/132 238/141/207
f 190/129/132 180/125/101 144/68/59
f 144/68/59 160/95/104 190/129/132
f 160/95/104 144/68/59 110/37/40
f 110/37/40 148/64/76 160/95/104
f 148/64/76 110/37/40 86/30/16
f 86/30/16 116/36/68 148/64/76
f 116/36/68 86/30/16 74/27/14
f 74/27/14 112/32/62 116/36/68
f 112/32/62 74/27/14 85/29/18
f 85/29/18 115/35/74 112/32/62
f 115/35/74 85/29/18 109/34/42
f 109/34/42 147/63/78 115/35/74
f 147/63/78 109/34/42 143/67/61
f 143/67/61 159/94/106 147/63/78
f 159/94/106 143/67/61 179/122/103
f 179/122/103 188/126/134 159/94/106
f 188/126/134 179/122/103 228/136/177
f 228/136/177 236/140/210 188/126/134
f 236/140/210 228/136/177 268/158/293
f 268/158/293 270/159/298 236/140/210
f 270/159/298 268/158/293 344/185/406
f 344/185/406 340/183/368 270/159/298
f 340/183/368 344/185/406 399/199/474
f 399/199/474 388/195/443 340/183/368
f 388/195/443 399/199/474 435/257/516
f 435/257/516 419/230/471 388/195/443
f 419/230/471 435/257/516 469/288/534
f 469/288/534 431/261/499 419/230/471
f 431/261/499 469/288/534 493/295/558
f 493/295/558 463/289/507 431/261/499
f 463/289/507 493/295/558 508/298/560
f 508/298/560 466/293/513 463/289/507
f 508/298/560 522/311/570 507/299/568
f 507/299/568 494/296/556 508/298/560
f 494/296/556 507/299/568 490/294/555
f 490/294/555 470/291/532 494/296/556
f 470/291/532 490/294/555 456/260/522
f 456/260/522 436/258/514 470/291/532
f 436/258/514 456/260/522 414/227/495
f 414/227/495 400/202/472 436/258/514
f 400/202/472 414/227/495 362/190/432
f 362/190/432 350/188/398 400/202/472
f 350/188/398 362/190/432 302/167/315
f 302/167/315 296/166/282 350/188/398
f 296/166/282 302/167/315 218/135/174
f 218/135/174 233/139/169 296/166/282
f 233/139/169 218/135/174 166/119/99
f 166/119/99 180/125/101 233/139/169
f 180/125/101 166/119/99 124/66/56
f 124/66/56 144/68/59 180/125/101
f 144/68/59 124/66/56 90/33/30
f 90/33/30 110/37/40 144/68/59
f 110/37/40 90/33/30 73/28/11
f 73/28/11 86/30/16 110/37/40
f 86/30/16 73/28/11 56/13/4
f 56/13/4 74/27/14 86/30/16
f 74/27/14 56/13/4 72/26/6
f 72/26/6 85/29/18 74/27/14
f 85/29/18 72/26/6 89/31/19
f 89/31/19 109/34/42 85/29/18
f 109/34/42 89/31/19 123/65/52
f 123/65/52 143/67/61 109/34/42
f 143/67/61 123/65/52 163/97/80
f 163/97/80 179/122/103 143/67/61
f 179/122/103 163/97/80 216/134/143
f 216/134/143 228/136/177 179/122/103
f 228/136/177 216/134/143 266/157/260
f 266/157/260 268/158/293 228/136/177
f 268/158/293 266/157/260 360/189/401
f 360/189/401 344/185/406 268/158/293
f 344/185/406 360/189/401 413/205/476
f 413/205/476 399/199/474 344/185/406
f 399/199/474 413/205/476 455/259/519
f 455/259/519 435/257/516 399/199/474
f 435/257/516 455/259/519 489/292/544
f 489/292/544 469/288/534 435/257/516
f 469/288/534 489/292/544 506/297/563
f 506/297/563 493/295/558 469/288/534
f 493/295/558 506/297/563 522/311/570
f 522/311/570 508/298/560 493/295/558
f 522/25/570 521/22/571 507//568
f 488/59/554 490/62/555 507//568
f 490/62/555 488/59/554 456//522
f 412/90/494 414/93/495 456//522
f 414/93/495 412/90/494 362//432
f 301/117/312 302/121/315 362//432
f 302/121/315 301/117/312 218//174
f 165/132/94 166/133/99 218//174
f 166/133/99 165/132/94 124//56
f 88/142/29 90/143/30 124//56
f 90/143/30 88/142/29 73//11
f 55/164/3 56/167/4 73//11
f 56/167/4 55/164/3 72//6
f 87/181/20 89/182/19 72//6
f 89/182/19 87/181/20 123//52
f 162/191/81 163/192/80 123//52
f 163/192/80 162/191/81 216//143
f 265/225/263 266/229/260 216//143
f 266/229/260 265/225/263 360//401
f 411/253/481 413/256/476 360//401
f 413/256/476 411/253/481 455//519
f 487/284/545 489/287/544 455//519
f 489/287/544 487/284/545 506//563
f 521/320/571 522/323/570 506//563
f 247/147/253 251/149/235 254/151/255
f 254/151/255 331/176/328 338/180/332
f 247/147/253 254/151/255 338/180/332
f 332/177/340 247/147/253 338/180/332
f 328/175/330 324/173/326 248/148/251
f 248/148/251 240/144/231 247/147/253
f 328/175/330 248/148/251 247/147/253
f 332/177/340 328/175/330 247/147/253
f 320/171/316 316/169/310 256/152/257
f 256/152/257 252/150/233 248/148/251
f 320/171/316 256/152/257 248/148/251
f 324/173/326 320/171/316 248/148/251
f 264/156/262 260/154/245 256/152/257
f 290/162/285 264/156/262 256/152/257
f 316/169/310 290/162/285 256/152/257
f 259/153/259 262/155/265 323/172/318
f 323/172/318 326/174/344 331/176/328
f 259/153/259 323/172/318 331/176/328
f 254/151/255 259/153/259 331/176/328
f 314/168/313 319/170/324 323/172/318
f 276/161/290 314/168/313 323/172/318
f 262/155/265 276/161/290 323/172/318
f 337/180/333 330/177/341 396/201/434
f 396/201/434 415/216/438 337/180/333
f 330/177/341 327/175/331 392/197/428
f 392/197/428 396/201/434 330/177/341
f 327/175/331 322/173/327 372/194/378
f 372/194/378 392/197/428 327/175/331
f 322/173/327 318/171/317 346/187/362
f 346/187/362 372/194/378 322/173/327
f 318/171/317 315/169/311 335/179/334
f 335/179/334 346/187/362 318/171/317
f 315/169/311 289/162/284 291/163/275
f 291/163/275 335/179/334 315/169/311
f 289/162/284 263/156/261 243/146/237
f 243/146/237 291/163/275 289/162/284
f 263/156/261 258/154/244 231/138/209
f 231/138/209 243/146/237 263/156/261
f 258/154/244 255/152/256 205/131/187
f 205/131/187 231/138/209 258/154/244
f 255/152/256 250/150/232 184/128/145
f 184/128/145 205/131/187 255/152/256
f 250/150/232 246/148/250 176/124/139
f 176/124/139 184/128/145 250/150/232
f 246/148/250 239/144/230 161/108/137
f 161/108/137 176/124/139 246/148/250
f 239/144/230 245/147/252 175/123/141
f 175/123/141 161/108/137 239/144/230
f 245/147/252 249/149/234 183/127/147
f 183/127/147 175/123/141 245/147/252
f 249/149/234 253/151/254 203/130/197
f 203/130/197 183/127/147 249/149/234
f 253/151/254 257/153/258 229/137/213
f 229/137/213 203/130/197 253/151/254
f 257/153/258 261/155/264 241/145/243
f 241/145/243 229/137/213 257/153/258
f 261/155/264 275/161/291 271/160/300
f 271/160/300 241/145/243 261/155/264
f 275/161/291 313/168/314 333/178/342
f 333/178/342 271/160/300 275/161/291
f 313/168/314 317/170/325 345/186/366
f 345/186/366 333/178/342 313/168/314
f 317/170/325 321/172/319 371/193/388
f 371/193/388 345/186/366 317/170/325
f 321/172/319 325/174/345 391/196/430
f 391/196/430 371/193/388 321/172/319
f 325/174/345 329/176/329 395/200/436
f 395/200/436 391/196/430 325/174/345
f 329/176/329 337/180/333 415/216/438
f 415/216/438 395/200/436 329/176/329
f 415/216/438 396/201/434 462/290/500
f 462/290/500 465/293/512 415/216/438
f 396/201/434 392/197/428 430/262/496
f 430/262/496 462/290/500 396/201/434
f 392/197/428 372/194/378 418/231/468
f 418/231/468 430/262/496 392/197/428
f 372/194/378 346/187/362 389/198/440
f 389/198/440 418/231/468 372/194/378
f 346/187/362 335/179/334 341/184/364
f 341/184/364 389/198/440 346/187/362
f 335/179/334 291/163/275 293/165/276
f 293/165/276 341/184/364 335/179/334
f 291/163/275 243/146/237 237/141/206
f 237/141/206 293/165/276 291/163/275
f 243/146/237 231/138/209 189/129/133
f 189/129/133 237/141/206 243/146/237
f 231/138/209 205/131/187 158/95/105
f 158/95/105 189/129/133 231/138/209
f 205/131/187 184/128/145 146/64/77
f 146/64/77 158/95/105 205/131/187
f 184/128/145 176/124/139 114/36/69
f 114/36/69 146/64/77 184/128/145
f 176/124/139 161/108/137 111/32/63
f 111/32/63 114/36/69 176/124/139
f 161/108/137 175/123/141 113/35/75
f 113/35/75 111/32/63 161/108/137
f 175/123/141 183/127/147 145/63/79
f 145/63/79 113/35/75 175/123/141
f 183/127/147 203/130/197 157/94/107
f 157/94/107 145/63/79 183/127/147
f 203/130/197 229/137/213 187/126/135
f 187/126/135 157/94/107 203/130/197
f 229/137/213 241/145/243 235/140/211
f 235/140/211 187/126/135 229/137/213
f 241/145/243 271/160/300 269/159/299
f 269/159/299 235/140/211 241/145/243
f 271/160/300 333/178/342 339/183/369
f 339/183/369 269/159/299 271/160/300
f 333/178/342 345/186/366 387/195/442
f 387/195/442 339/183/369 333/178/342
f 345/186/366 371/193/388 417/230/470
f 417/230/470 387/195/442 345/186/366
f 371/193/388 391/196/430 429/261/498
f 429/261/498 417/230/470 371/193/388
f 391/196/430 395/200/436 461/289/506
f 461/289/506 429/261/498 391/196/430
f 395/200/436 415/216/438 465/293/512
f 465/293/512 461/289/506 395/200/436
f 465/293/512 462/290/500 492/296/557
f 492/296/557 503/298/561 465/293/512
f 462/290/500 430/262/496 468/291/533
f 468/291/533 492/296/557 462/290/500
f 430/262/496 418/231/468 434/258/515
f 434/258/515 468/291/533 430/262/496
f 418/231/468 389/198/440 398/202/473
f 398/202/473 434/258/515 418/231/468
f 389/198/440 341/184/364 349/188/399
f 349/188/399 398/202/473 389/198/440
f 341/184/364 293/165/276 295/166/283
f 295/166/283 349/188/399 341/184/364
f 293/165/276 237/141/206 232/139/168
f 232/139/168 295/166/283 293/165/276
f 237/141/206 189/129/133 178/125/100
f 178/125/100 232/139/168 237/141/206
f 189/129/133 158/95/105 142/68/58
f 142/68/58 178/125/100 189/129/133
f 158/95/105 146/64/77 108/37/39
f 108/37/39 142/68/58 158/95/105
f 146/64/77 114/36/69 84/30/15
f 84/30/15 108/37/39 146/64/77
f 114/36/69 111/32/63 69/27/13
f 69/27/13 84/30/15 114/36/69
f 111/32/63 113/35/75 83/29/17
f 83/29/17 69/27/13 111/32/63
f 113/35/75 145/63/79 107/34/41
f 107/34/41 83/29/17 113/35/75
f 145/63/79 157/94/107 141/67/60
f 141/67/60 107/34/41 145/63/79
f 157/94/107 187/126/135 177/122/102
f 177/122/102 141/67/60 157/94/107
f 187/126/135 235/140/211 227/136/176
f 227/136/176 177/122/102 187/126/135
f 235/140/211 269/159/299 267/158/292
f 267/158/292 227/136/176 235/140/211
f 269/159/299 339/183/369 343/185/407
f 343/185/407 267/158/292 269/159/299
f 339/183/369 387/195/442 397/199/475
f 397/199/475 343/185/407 339/183/369
f 387/195/442 417/230/470 433/257/517
f 433/257/517 397/199/475 387/195/442
f 417/230/470 429/261/498 467/288/535
f 467/288/535 433/257/517 417/230/470
f 429/261/498 461/289/506 491/295/559
f 491/295/559 467/288/535 429/261/498
f 461/289/506 465/293/512 503/298/561
f 503/298/561 491/295/559 461/289/506
f 503/298/561 492/296/557 505/299/569
f 505/299/569 521/311/571 503/298/561
f 492/296/557 468/291/533 488/294/554
f 488/294/554 505/299/569 492/296/557
f 468/291/533 434/258/515 454/260/523
f 454/260/523 488/294/554 468/291/533
f 434/258/515 398/202/473 412/227/494
f 412/227/494 454/260/523 434/258/515
f 398/202/473 349/188/399 361/190/433
f 361/190/433 412/227/494 398/202/473
f 349/188/399 295/166/283 301/167/312
f 301/167/312 361/190/433 349/188/399
f 295/166/283 232/139/168 217/135/175
f 217/135/175 301/167/312 295/166/283
f 232/139/168 178/125/100 165/119/94
f 165/119/94 217/135/175 232/139/168
f 178/125/100 142/68/58 122/66/57
f 122/66/57 165/119/94 178/125/100
f 142/68/58 108/37/39 88/33/29
f 88/33/29 122/66/57 142/68/58
f 108/37/39 84/30/15 71/28/12
f 71/28/12 88/33/29 108/37/39
f 84/30/15 69/27/13 55/13/3
f 55/13/3 71/28/12 84/30/15
f 69/27/13 83/29/17 70/26/5
f 70/26/5 55/13/3 69/27/13
f 83/29/17 107/34/41 87/31/20
f 87/31/20 70/26/5 83/29/17
f 107/34/41 141/67/60 121/65/51
f 121/65/51 87/31/20 107/34/41
f 141/67/60 177/122/102 162/97/81
f 162/97/81 121/65/51 141/67/60
f 177/122/102 227/136/176 215/134/142
f 215/134/142 162/97/81 177/122/102
f 227/136/176 267/158/292 265/157/263
f 265/157/263 215/134/142 227/136/176
f 267/158/292 343/185/407 359/189/400
f 359/189/400 265/157/263 267/158/292
f 343/185/407 397/199/475 411/205/481
f 411/205/481 359/189/400 343/185/407
f 397/199/475 433/257/517 453/259/518
f 453/259/518 411/205/481 397/199/475
f 433/257/517 467/288/535 487/292/545
f 487/292/545 453/259/518 433/257/517
f 467/288/535 491/295/559 504/297/562
f 504/297/562 487/292/545 467/288/535
f 491/295/559 503/298/561 521/311/571
f 521/311/571 504/297/562 491/295/559
f 521/25/571 505//569 507//568
f 488/59/554 507//568 505//569
f 488/62/554 454//523 456//522
f 412/90/494 456//522 454//523
f 412/93/494 361//433 362//432
f 301/117/312 362//432 361//433
f 301/121/312 217//175 218//174
f 165/132/94 218//174 217//175
f 165/133/94 122//57 124//56
f 88/142/29 124//56 122//57
f 88/143/29 71//12 73//11
f 55/164/3 73//11 71//12
f 55/167/3 70//5 72//6
f 87/181/20 72//6 70//5
f 87/182/20 121//51 123//52
f 162/191/81 123//52 121//51
f 162/192/81 215//142 216//143
f 265/225/263 216//143 215//142
f 265/229/263 359//400 360//401
f 411/253/481 360//401 359//400
f 411/256/481 453//518 455//519
f 487/284/545 455//519 453//518
f 487/287/545 504//562 506//563
f 521/320/571 506//563 504//562
f 337/180/333 329/176/329 253/151/254
f 253/151/254 249/149/234 245/147/252
f 337/180/333 253/151/254 245/147/252
f 330/177/341 337/180/333 245/147/252
f 245/147/252 239/144/230 246/148/250
f 246/148/250 322/173/327 327/175/331
f 245/147/252 246/148/250 327/175/331
f 330/177/341 245/147/252 327/175/331
f 246/148/250 250/150/232 255/152/256
f 255/152/256 315/169/311 318/171/317
f 246/148/250 255/152/256 318/171/317
f 322/173/327 246/148/250 318/171/317
f 255/152/256 258/154/244 263/156/261
f 255/152/256 263/156/261 289/162/284
f 315/169/311 255/152/256 289/162/284
f 329/176/329 325/174/345 321/172/319
f 321/172/319 261/155/264 257/153/258
f 329/176/329 321/172/319 257/153/258
f 253/151/254 329/176/329 257/153/258
f 321/172/319 317/170/325 313/168/314
f 321/172/319 313/168/314 275/161/291
f 261/155/264 321/172/319 275/161/291
usemtl second
s off
f 274/1/289 280/38/281 382/39/384
f 382/39/384 386/2/424 274/1/289
f 280/38/281 284/69/271 370/70/347
f 370/70/347 382/39/384 280/38/281
f 284/69/271 288//269 358/96/321
f 358/96/321 370/70/347 284/69/271
f 287/203/308 283/232/303 368/233/355
f 368/233/355 356/204/338 287/203/308
f 283/232/303 279/263/296 380/264/391
f 380/264/391 368/233/355 283/232/303
f 279/263/296 274//289 386/300/424
f 386/300/424 380/264/391 279/263/296
f 386/2/424 382/39/384 452/40/459
f 452/40/459 460/3/492 386/2/424
f 382/39/384 370/70/347 428/71/403
f 428/71/403 452/40/459 382/39/384
f 370/70/347 358/96/321 410/98/351
f 410/98/351 428/71/403 370/70/347
f 356/204/338 368/233/355 426/234/417
f 426/234/417 408/206/360 356/204/338
f 368/233/355 380/264/391 450/265/465
f 450/265/465 426/234/417 368/233/355
f 380/264/391 386/300/424 460/301/492
f 460/301/492 450/265/465 380/264/391
f 460/3/492 452/40/459 520/41/504
f 520/41/504 526/4/520 460/3/492
f 452/40/459 428/71/403 486/72/445
f 486/72/445 520/41/504 452/40/459
f 428/71/403 410/98/351 444/99/370
f 444/99/370 486/72/445 428/71/403
f 408/206/360 426/234/417 484/235/449
f 484/235/449 442/207/376 408/206/360
f 426/234/417 450/265/465 518/266/509
f 518/266/509 484/235/449 426/234/417
f 450/265/465 460/301/492 526/302/520
f 526/302/520 518/266/509 450/265/465
f 526/4/520 520/41/504 550/42/527
f 550/42/527 558/5/552 526/4/520
f 520/41/504 486/72/445 534/73/454
f 534/73/454 550/42/527 520/41/504
f 486/72/445 444/99/370 478/100/381
f 478/100/381 534/73/454 486/72/445
f 442/207/376 484/235/449 532/236/461
f 532/236/461 476/208/396 442/207/376
f 484/235/449 518/266/509 548/267/529
f 548/267/529 532/236/461 484/235/449
f 518/266/509 526/302/520 558/303/552
f 558/303/552 548/267/529 518/266/509
f 558/5/552 550/42/527 566/43/539
f 566/43/539 574/6/564 558/5/552
f 550/42/527 534/73/454 542/74/480
f 542/74/480 566/43/539 550/42/527
f 534/73/454 478/100/381 502/101/409
f 502/101/409 542/74/480 534/73/454
f 476/208/396 532/236/461 540/237/483
f 540/237/483 500/209/414 476/208/396
f 532/236/461 548/267/529 564/268/541
f 564/268/541 540/237/483 532/236/461
f 548/267/529 558/303/552 574/304/564
f 574/304/564 564/268/541 548/267/529
f 574/6/564 566/43/539 570/44/549
f 570/44/549 576/7/572 574/6/564
f 566/43/539 542/74/480 554/75/489
f 554/75/489 570/44/549 566/43/539
f 542/74/480 502/101/409 512/102/421
f 512/102/421 554/75/489 542/74/480
f 500/209/414 540/237/483 553/238/487
f 553/238/487 511/210/422 500/209/414
f 540/237/483 564/268/541 569/269/547
f 569/269/547 553/238/487 540/237/483
f 564/268/541 574/304/564 576/305/572
f 576/305/572 569/269/547 564/268/541
f 576/7/572 570/44/549 565/45/543
f 565/45/543 573/8/567 576/7/572
f 570/44/549 554/75/489 541/76/484
f 541/76/484 565/45/543 570/44/549
f 554/75/489 512/102/421 501/103/413
f 501/103/413 541/76/484 554/75/489
f 511/210/422 553/238/487 539/239/478
f 539/239/478 499/211/410 511/210/422
f 553/238/487 569/269/547 563/270/537
f 563/270/537 539/239/478 553/238/487
f 569/269/547 576/305/572 573/306/567
f 573/306/567 563/270/537 569/269/547
f 573/8/567 565/45/543 549/46/531
f 549/46/531 557/9/553 573/8/567
f 565/45/543 541/76/484 533/77/463
f 533/77/463 549/46/531 565/45/543
f 541/76/484 501/103/413 477/104/395
f 477/104/395 533/77/463 541/76/484
f 499/211/410 539/239/478 531/240/455
f 531/240/455 475/212/382 499/211/410
f 539/239/478 563/270/537 547/271/525
f 547/271/525 531/240/455 539/239/478
f 563/270/537 573/306/567 557/307/553
f 557/307/553 547/271/525 563/270/537
f 557/9/553 549/46/531 519/47/511
f 519/47/511 525/10/521 557/9/553
f 549/46/531 533/77/463 485/78/451
f 485/78/451 519/47/511 549/46/531
f 533/77/463 477/104/395 443/105/375
f 443/105/375 485/78/451 533/77/463
f 475/212/382 531/240/455 483/241/447
f 483/241/447 441/213/372 475/212/382
f 531/240/455 547/271/525 517/272/503
f 517/272/503 483/241/447 531/240/455
f 547/271/525 557/307/553 525/308/521
f 525/308/521 517/272/503 547/271/525
f 525/10/521 519/47/511 451/48/467
f 451/48/467 459/11/490 525/10/521
f 519/47/511 485/78/451 427/79/419
f 427/79/419 451/48/467 519/47/511
f 485/78/451 443/105/375 409/106/359
f 409/106/359 427/79/419 485/78/451
f 441/213/372 483/241/447 425/242/405
f 425/242/405 407/214/352 441/213/372
f 483/241/447 517/272/503 449/273/457
f 449/273/457 425/242/405 483/241/447
f 517/272/503 525/308/521 459/309/490
f 459/309/490 449/273/457 517/272/503
f 459/11/490 451/48/467 381/49/392
f 381/49/392 385/12/427 459/11/490
f 451/48/467 427/79/419 369/80/356
f 369/80/356 381/49/392 451/48/467
f 427/79/419 409/106/359 357/107/337
f 357/107/337 369/80/356 427/79/419
f 407/214/352 425/242/405 367/243/349
f 367/243/349 355/215/323 407/214/352
f 425/242/405 449/273/457 379/274/387
f 379/274/387 367/243/349 425/242/405
f 449/273/457 459/309/490 385/310/427
f 385/310/427 379/274/387 449/273/457
f 385/12/427 381/49/392 310/50/295
f 310/50/295 312/13/286 385/12/427
f 381/49/392 369/80/356 306/81/305
f 306/81/305 310/50/295 381/49/392
f 369/80/356 357/107/337 300/108/307
f 300/108/307 306/81/305 369/80/356
f 355/215/323 367/243/349 305/244/272
f 305/244/272 299/216/267 355/215/323
f 367/243/349 379/274/387 309/275/279
f 309/275/279 305/244/272 367/243/349
f 379/274/387 385/310/427 312/311/286
f 312/311/286 309/275/279 379/274/387
f 312/13/286 310/50/295 202/51/188
f 202/51/188 194/14/151 312/13/286
f 310/50/295 306/81/305 214/82/229
f 214/82/229 202/51/188 310/50/295
f 306/81/305 300/108/307 226/109/249
f 226/109/249 214/82/229 306/81/305
f 299/216/267 305/244/272 213/245/220
f 213/245/220 225/217/239 299/216/267
f 305/244/272 309/275/279 201/276/184
f 201/276/184 213/245/220 305/244/272
f 309/275/279 312/311/286 194/312/151
f 194/312/151 201/276/184 309/275/279
f 194/14/151 202/51/188 131/52/117
f 131/52/117 119/15/83 194/14/151
f 202/51/188 214/82/229 155/83/172
f 155/83/172 131/52/117 202/51/188
f 214/82/229 226/109/249 173/110/225
f 173/110/225 155/83/172 214/82/229
f 225/217/239 213/245/220 153/246/156
f 153/246/156 171/218/214 225/217/239
f 213/245/220 201/276/184 129/277/110
f 129/277/110 153/246/156 213/245/220
f 201/276/184 194/312/151 119/313/83
f 119/313/83 129/277/110 201/276/184
f 119/15/83 131/52/117 64/53/71
f 64/53/71 53/16/55 119/15/83
f 131/52/117 155/83/172 98/84/129
f 98/84/129 64/53/71 131/52/117
f 155/83/172 173/110/225 139/111/205
f 139/111/205 98/84/129 155/83/172
f 171/218/214 153/246/156 96/247/126
f 96/247/126 137/219/198 171/218/214
f 153/246/156 129/277/110 63/278/66
f 63/278/66 96/247/126 153/246/156
f 129/277/110 119/313/83 53/314/55
f 53/314/55 63/278/66 129/277/110
f 53/16/55 64/53/71 34/54/49
f 34/54/49 21/17/23 53/16/55
f 64/53/71 98/84/129 49/85/121
f 49/85/121 34/54/49 64/53/71
f 98/84/129 139/111/205 106/112/195
f 106/112/195 49/85/121 98/84/129
f 137/219/198 96/247/126 47/248/114
f 47/248/114 104/220/178 137/219/198
f 96/247/126 63/278/66 33/279/45
f 33/279/45 47/248/114 96/247/126
f 63/278/66 53/314/55 21/315/23
f 21/315/23 33/279/45 63/278/66
f 21/17/23 34/54/49 17/55/36
f 17/55/36 5/18/9 21/17/23
f 34/54/49 49/85/121 41/86/96
f 41/86/96 17/55/36 34/54/49
f 49/85/121 106/112/195 81/113/167
f 81/113/167 41/86/96 49/85/121
f 104/220/178 47/248/114 39/249/92
f 39/249/92 79/221/160 104/220/178
f 47/248/114 33/279/45 15/280/33
f 15/280/33 39/249/92 47/248/114
f 33/279/45 21/315/23 5/316/9
f 5/316/9 15/280/33 33/279/45
f 5/18/9 17/55/36 10/56/26
f 10/56/26 2/19/1 5/18/9
f 17/55/36 41/86/96 26/87/87
f 26/87/87 10/56/26 17/55/36
f 41/86/96 81/113/167 68/114/155
f 68/114/155 26/87/87 41/86/96
f 79/221/160 39/249/92 25/250/88
f 25/250/88 67/222/152 79/221/160
f 39/249/92 15/280/33 9/281/27
f 9/281/27 25/250/88 39/249/92
f 15/280/33 5/316/9 2/317/1
f 2/317/1 9/281/27 15/280/33
f 2/19/1 10/56/26 18/57/32
f 18/57/32 6/20/7 2/19/1
f 10/56/26 26/87/87 42/88/91
f 42/88/91 18/57/32 10/56/26
f 26/87/87 68/114/155 82/115/163
f 82/115/163 42/88/91 26/87/87
f 67/222/152 25/250/88 40/251/97
f 40/251/97 80/223/165 67/222/152
f 25/250/88 9/281/27 16/282/37
f 16/282/37 40/251/97 25/250/88
f 9/281/27 2/317/1 6/318/7
f 6/318/7 16/282/37 9/281/27
f 6/20/7 18/57/32 30/58/44
f 30/58/44 22/21/22 6/20/7
f 18/57/32 42/88/91 50/89/113
f 50/89/113 30/58/44 18/57/32
f 42/88/91 82/115/163 100/116/181
f 100/116/181 50/89/113 42/88/91
f 80/223/165 40/251/97 48/252/122
f 48/252/122 105/224/193 80/223/165
f 40/251/97 16/282/37 29/283/47
f 29/283/47 48/252/122 40/251/97
f 16/282/37 6/318/7 22/319/22
f 22/319/22 29/283/47 16/282/37
f 22/21/22 30/58/44 60/59/65
f 60/59/65 54/22/54 22/21/22
f 30/58/44 50/89/113 92/90/125
f 92/90/125 60/59/65 30/58/44
f 50/89/113 100/116/181 140/117/201
f 140/117/201 92/90/125 50/89/113
f 105/224/193 48/252/122 97/253/130
f 97/253/130 138/225/202 105/224/193
f 48/252/122 29/283/47 59/284/72
f 59/284/72 97/253/130 48/252/122
f 29/283/47 22/319/22 54/320/54
f 54/320/54 59/284/72 29/283/47
f 54/22/54 60/59/65 132/60/109
f 132/60/109 120/23/84 54/22/54
f 60/59/65 92/90/125 156/91/159
f 156/91/159 132/60/109 60/59/65
f 92/90/125 140/117/201 174/118/216
f 174/118/216 156/91/159 92/90/125
f 138/225/202 97/253/130 154/254/170
f 154/254/170 172/226/223 138/225/202
f 97/253/130 59/284/72 130/285/118
f 130/285/118 154/254/170 97/253/130
f 59/284/72 54/320/54 120/321/84
f 120/321/84 130/285/118 59/284/72
f 120/23/84 132/60/109 196/61/183
f 196/61/183 192/24/148 120/23/84
f 132/60/109 156/91/159 210/92/219
f 210/92/219 196/61/183 132/60/109
f 156/91/159 174/118/216 222/120/240
f 222/120/240 210/92/219 156/91/159
f 172/226/223 154/254/170 209/255/226
f 209/255/226 221/228/246 172/226/223
f 154/254/170 130/285/118 198/286/190
f 198/286/190 209/255/226 154/254/170
f 130/285/118 120/321/84 192/322/148
f 192/322/148 198/286/190 130/285/118
f 192/24/148 196/61/183 280/62/281
f 280/62/281 274/25/289 192/24/148
f 196/61/183 210/92/219 284/93/271
f 284/93/271 280/62/281 196/61/183
f 210/92/219 222/120/240 288/121/269
f 288/121/269 284/93/271 210/92/219
f 221/228/246 209/255/226 283/256/303
f 283/256/303 287/229/308 221/228/246
f 209/255/226 198/286/190 279/287/296
f 279/287/296 283/256/303 209/255/226
f 198/286/190 192/322/148 274/323/289
f 274/323/289 279/287/296 198/286/190
f 273/1/288 384/2/425 376/39/385
f 376/39/385 277/38/280 273/1/288
f 277/38/280 376/39/385 364/70/346
f 364/70/346 281/69/270 277/38/280
f 281/69/270 364/70/346 352/96/320
f 352/96/320 285//268 281/69/270
f 286/203/309 354/204/339 366/233/354
f 366/233/354 282/232/302 286/203/309
f 282/232/302 366/233/354 378/264/390
f 378/264/390 278/263/297 282/232/302
f 278/263/297 378/264/390 384/300/425
f 384/300/425 273//288 278/263/297
f 384/2/425 458/3/493 446/40/458
f 446/40/458 376/39/385 384/2/425
f 376/39/385 446/40/458 422/71/402
f 422/71/402 364/70/346 376/39/385
f 364/70/346 422/71/402 404/98/350
f 404/98/350 352/96/320 364/70/346
f 354/204/339 406/206/361 424/234/416
f 424/234/416 366/233/354 354/204/339
f 366/233/354 424/234/416 448/265/464
f 448/265/464 378/264/390 366/233/354
f 378/264/390 448/265/464 458/301/493
f 458/301/493 384/300/425 378/264/390
f 458/3/493 524/4/520 514/41/505
f 514/41/505 446/40/458 458/3/493
f 446/40/458 514/41/505 480/72/446
f 480/72/446 422/71/402 446/40/458
f 422/71/402 480/72/446 438/99/371
f 438/99/371 404/98/350 422/71/402
f 406/206/361 440/207/377 482/235/448
f 482/235/448 424/234/416 406/206/361
f 424/234/416 482/235/448 516/266/508
f 516/266/508 448/265/464 424/234/416
f 448/265/464 516/266/508 524/302/520
f 524/302/520 458/301/493 448/265/464
f 524/4/520 556/5/550 544/42/526
f 544/42/526 514/41/505 524/4/520
f 514/41/505 544/42/526 528/73/453
f 528/73/453 480/72/446 514/41/505
f 480/72/446 528/73/453 472/100/380
f 472/100/380 438/99/371 480/72/446
f 440/207/377 474/208/397 530/236/460
f 530/236/460 482/235/448 440/207/377
f 482/235/448 530/236/460 546/267/528
f 546/267/528 516/266/508 482/235/448
f 516/266/508 546/267/528 556/303/550
f 556/303/550 524/302/520 516/266/508
f 556/5/550 572/6/565 560/43/538
f 560/43/538 544/42/526 556/5/550
f 544/42/526 560/43/538 536/74/479
f 536/74/479 528/73/453 544/42/526
f 528/73/453 536/74/479 496/101/408
f 496/101/408 472/100/380 528/73/453
f 474/208/397 498/209/415 538/237/482
f 538/237/482 530/236/460 474/208/397
f 530/236/460 538/237/482 562/268/540
f 562/268/540 546/267/528 530/236/460
f 546/267/528 562/268/540 572/304/565
f 572/304/565 556/303/550 546/267/528
f 572/6/565 575/7/573 567/44/548
f 567/44/548 560/43/538 572/6/565
f 560/43/538 567/44/548 551/75/488
f 551/75/488 536/74/479 560/43/538
f 536/74/479 551/75/488 509/102/420
f 509/102/420 496/101/408 536/74/479
f 498/209/415 510/210/423 552/238/486
f 552/238/486 538/237/482 498/209/415
f 538/237/482 552/238/486 568/269/546
f 568/269/546 562/268/540 538/237/482
f 562/268/540 568/269/546 575/305/573
f 575/305/573 572/304/565 562/268/540
f 575/7/573 571/8/566 559/45/542
f 559/45/542 567/44/548 575/7/573
f 567/44/548 559/45/542 535/76/485
f 535/76/485 551/75/488 567/44/548
f 551/75/488 535/76/485 495/103/412
f 495/103/412 509/102/420 551/75/488
f 510/210/423 497/211/411 537/239/477
f 537/239/477 552/238/486 510/210/423
f 552/238/486 537/239/477 561/270/536
f 561/270/536 568/269/546 552/238/486
f 568/269/546 561/270/536 571/306/566
f 571/306/566 575/305/573 568/269/546
f 571/8/566 555/9/551 543/46/530
f 543/46/530 559/45/542 571/8/566
f 559/45/542 543/46/530 527/77/462
f 527/77/462 535/76/485 559/45/542
f 535/76/485 527/77/462 471/104/394
f 471/104/394 495/103/412 535/76/485
f 497/211/411 473/212/383 529/240/452
f 529/240/452 537/239/477 497/211/411
f 537/239/477 529/240/452 545/271/524
f 545/271/524 561/270/536 537/239/477
f 561/270/536 545/271/524 555/307/551
f 555/307/551 571/306/566 561/270/536
f 555/9/551 523/10/521 513/47/510
f 513/47/510 543/46/530 555/9/551
f 543/46/530 513/47/510 479/78/450
f 479/78/450 527/77/462 543/46/530
f 527/77/462 479/78/450 437/105/374
f 437/105/374 471/104/394 527/77/462
f 473/212/383 439/213/373 481/241/444
f 481/241/444 529/240/452 473/212/383
f 529/240/452 481/241/444 515/272/502
f 515/272/502 545/271/524 529/240/452
f 545/271/524 515/272/502 523/308/521
f 523/308/521 555/307/551 545/271/524
f 523/10/521 457/11/491 445/48/466
f 445/48/466 513/47/510 523/10/521
f 513/47/510 445/48/466 421/79/418
f 421/79/418 479/78/450 513/47/510
f 479/78/450 421/79/418 403/106/358
f 403/106/358 437/105/374 479/78/450
f 439/213/373 405/214/353 423/242/404
f 423/242/404 481/241/444 439/213/373
f 481/241/444 423/242/404 447/273/456
f 447/273/456 515/272/502 481/241/444
f 515/272/502 447/273/456 457/309/491
f 457/309/491 523/308/521 515/272/502
f 457/11/491 383/12/426 375/49/393
f 375/49/393 445/48/466 457/11/491
f 445/48/466 375/49/393 363/80/357
f 363/80/357 421/79/418 445/48/466
f 421/79/418 363/80/357 351/107/336
f 351/107/336 403/106/358 421/79/418
f 405/214/353 353/215/322 365/243/348
f 365/243/348 423/242/404 405/214/353
f 423/242/404 365/243/348 377/274/386
f 377/274/386 447/273/456 423/242/404
f 447/273/456 377/274/386 383/310/426
f 383/310/426 457/309/491 447/273/456
f 383/12/426 311/13/287 307/50/294
f 307/50/294 375/49/393 383/12/426
f 375/49/393 307/50/294 303/81/304
f 303/81/304 363/80/357 375/49/393
f 363/80/357 303/81/304 297/108/306
f 297/108/306 351/107/336 363/80/357
f 353/215/322 298/216/266 304/244/273
f 304/244/273 365/243/348 353/215/322
f 365/243/348 304/244/273 308/275/278
f 308/275/278 377/274/386 365/243/348
f 377/274/386 308/275/278 311/311/287
f 311/311/287 383/310/426 377/274/386
f 311/13/287 193/14/150 199/51/189
f 199/51/189 307/50/294 311/13/287
f 307/50/294 199/51/189 211/82/228
f 211/82/228 303/81/304 307/50/294
f 303/81/304 211/82/228 223/109/248
f 223/109/248 297/108/306 303/81/304
f 298/216/266 224/217/238 212/245/221
f 212/245/221 304/244/273 298/216/266
f 304/244/273 212/245/221 200/276/185
f 200/276/185 308/275/278 304/244/273
f 308/275/278 200/276/185 193/312/150
f 193/312/150 311/311/287 308/275/278
f 193/14/150 117/15/82 125/52/116
f 125/52/116 199/51/189 193/14/150
f 199/51/189 125/52/116 149/83/173
f 149/83/173 211/82/228 199/51/189
f 211/82/228 149/83/173 167/110/224
f 167/110/224 223/109/248 211/82/228
f 224/217/238 169/218/215 151/246/157
f 151/246/157 212/245/221 224/217/238
f 212/245/221 151/246/157 127/277/111
f 127/277/111 200/276/185 212/245/221
f 200/276/185 127/277/111 117/313/82
f 117/313/82 193/312/150 200/276/185
f 117/15/82 51/16/55 61/53/70
f 61/53/70 125/52/116 117/15/82
f 125/52/116 61/53/70 93/84/128
f 93/84/128 149/83/173 125/52/116
f 149/83/173 93/84/128 133/111/204
f 133/111/204 167/110/224 149/83/173
f 169/218/215 135/219/199 94/247/127
f 94/247/127 151/246/157 169/218/215
f 151/246/157 94/247/127 62/278/67
f 62/278/67 127/277/111 151/246/157
f 127/277/111 62/278/67 51/314/55
f 51/314/55 117/313/82 127/277/111
f 51/16/55 19/17/24 31/54/48
f 31/54/48 61/53/70 51/16/55
f 61/53/70 31/54/48 43/85/120
f 43/85/120 93/84/128 61/53/70
f 93/84/128 43/85/120 101/112/194
f 101/112/194 133/111/204 93/84/128
f 135/219/199 102/220/179 45/248/115
f 45/248/115 94/247/127 135/219/199
f 94/247/127 45/248/115 32/279/46
f 32/279/46 62/278/67 94/247/127
f 62/278/67 32/279/46 19/315/24
f 19/315/24 51/314/55 62/278/67
f 19/17/24 3/18/10 11/55/35
f 11/55/35 31/54/48 19/17/24
f 31/54/48 11/55/35 35/86/95
f 35/86/95 43/85/120 31/54/48
f 43/85/120 35/86/95 75/113/166
f 75/113/166 101/112/194 43/85/120
f 102/220/179 77/221/161 37/249/93
f 37/249/93 45/248/115 102/220/179
f 45/248/115 37/249/93 13/280/34
f 13/280/34 32/279/46 45/248/115
f 32/279/46 13/280/34 3/316/10
f 3/316/10 19/315/24 32/279/46
f 3/18/10 1/19/2 7/56/25
f 7/56/25 11/55/35 3/18/10
f 11/55/35 7/56/25 23/87/86
f 23/87/86 35/86/95 11/55/35
f 35/86/95 23/87/86 65/114/154
f 65/114/154 75/113/166 35/86/95
f 77/221/161 66/222/153 24/250/89
f 24/250/89 37/249/93 77/221/161
f 37/249/93 24/250/89 8/281/28
f 8/281/28 13/280/34 37/249/93
f 13/280/34 8/281/28 1/317/2
f 1/317/2 3/316/10 13/280/34
f 1/19/2 4/20/8 12/57/31
f 12/57/31 7/56/25 1/19/2
f 7/56/25 12/57/31 36/88/90
f 36/88/90 23/87/86 7/56/25
f 23/87/86 36/88/90 76/115/162
f 76/115/162 65/114/154 23/87/86
f 66/222/153 78/223/164 38/251/98
f 38/251/98 24/250/89 66/222/153
f 24/250/89 38/251/98 14/282/38
f 14/282/38 8/281/28 24/250/89
f 8/281/28 14/282/38 4/318/8
f 4/318/8 1/317/2 8/281/28
f 4/20/8 20/21/21 27/58/43
f 27/58/43 12/57/31 4/20/8
f 12/57/31 27/58/43 44/89/112
f 44/89/112 36/88/90 12/57/31
f 36/88/90 44/89/112 99/116/180
f 99/116/180 76/115/162 36/88/90
f 78/223/164 103/224/192 46/252/123
f 46/252/123 38/251/98 78/223/164
f 38/251/98 46/252/123 28/283/50
f 28/283/50 14/282/38 38/251/98
f 14/282/38 28/283/50 20/319/21
f 20/319/21 4/318/8 14/282/38
f 20/21/21 52/22/53 57/59/64
f 57/59/64 27/58/43 20/21/21
f 27/58/43 57/59/64 91/90/124
f 91/90/124 44/89/112 27/58/43
f 44/89/112 91/90/124 134/117/200
f 134/117/200 99/116/180 44/89/112
f 103/224/192 136/225/203 95/253/131
f 95/253/131 46/252/123 103/224/192
f 46/252/123 95/253/131 58/284/73
f 58/284/73 28/283/50 46/252/123
f 28/283/50 58/284/73 52/320/53
f 52/320/53 20/319/21 28/283/50
f 52/22/53 118/23/85 126/60/108
f 126/60/108 57/59/64 52/22/53
f 57/59/64 126/60/108 150/91/158
f 150/91/158 91/90/124 57/59/64
f 91/90/124 150/91/158 168/118/217
f 168/118/217 134/117/200 91/90/124
f 136/225/203 170/226/222 152/254/171
f 152/254/171 95/253/131 136/225/203
f 95/253/131 152/254/171 128/285/119
f 128/285/119 58/284/73 95/253/131
f 58/284/73 128/285/119 118/321/85
f 118/321/85 52/320/53 58/284/73
f 118/23/85 191/24/149 195/61/182
f 195/61/182 126/60/108 118/23/85
f 126/60/108 195/61/182 207/92/218
f 207/92/218 150/91/158 126/60/108
f 150/91/158 207/92/218 219/120/241
f 219/120/241 168/118/217 150/91/158
f 170/226/222 220/228/247 208/255/227
f 208/255/227 152/254/171 170/226/222
f 152/254/171 208/255/227 197/286/191
f 197/286/191 128/285/119 152/254/171
f 128/285/119 197/286/191 191/322/149
f 191/322/149 118/321/85 128/285/119
f 191/24/149 273/25/288 277/62/280
f 277/62/280 195/61/182 191/24/149
f 195/61/182 277/62/280 281/93/270
f 281/93/270 207/92/218 195/61/182
f 207/92/218 281/93/270 285/121/268
f 285/121/268 219/120/241 207/92/218
f 220/228/247 286/229/309 282/256/302
f 282/256/302 208/255/227 220/228/247
f 208/255/227 282/256/302 278/287/297
f 278/287/297 197/286/191 208/255/227
f 197/286/191 278/287/297 273/323/288
f 273/323/288 191/322/149 197/286/191